[SOURCE:CATALOG_UNIOR-TEPID_INDUSTRIAL_2025_rev5] [PAGE:113]
720 L
Capete chei tubulare lungi de impact 1/2"
• material: crom molibden
• actionare: patrat 1/2”
• conform DIN 3121 - G 12,5
• deschidere: hexagon DIN / ISO 691 
08LT 1/2”
Cap cheie tubulara impact cu pereti subtiri 1/2" 
6 laturi, lunga
• patrat de antrenare 1/2” DIN 3121 - G 12,5
• hexagon interior conform Hexagon DIN/ISO 691
D2
25
25
25
25
30
30
30
30
30
30
30
30
30
30
30
30
8
10
13
14
15
16
17
18
19
21
22
24
27
30
32
36
D1
15,0
17,5
21,0
22,5
23,5
25,0
26,0
27,5
28,7
31,0
32,0
35,0
38,5
42,5
44,0
48,0
L
78
78
78
78
75
78
78
78
78
78
78
78
78
78
78
78
T
9,0
12,0
12,0
12,0
12,0
12,0
13,0
13,0
13,0
13,0
13,0
20,0
24,0
22,0
32,0
36,0
137
140
160
167
226
239
236
252
251
273
289
325
366
410
402
470
 1C 
 1C 
 1C 
 1C 
 1C 
 1C 
 1C 
 1C 
 1C 
 1C 
 1C 
 1C 
 1C 
 1C 
 1C 
 1C 
1000072060
1000072061
1000072062
1000072063
1000172028
1000072064
1000072065
1000072066
1000072067
1000072068
1000072069
1000072070
1000072071
1000172032
1000172033
1000172072
720 SFL
Capete chei tubulare lungi de impact cu profil 
de protectie 1/2"
• material: crom molibden
• actionare: patrat 1/2”
• conform DIN 3121 - G 12,5
• deschidere: hexagon DIN / ISO 691 
1000072121
1000072123
1000072124
1000072125
1000072126
1000072127
1000072128
1000072129
1000072149
10
12
13
14
15
16
17
18
19
D2
25
25
25
25
30
30
30
30
30
D1
17,5
20,0
21,0
22,3
23,6
25,0
26,0
27,5
28,7
L
83
83
83
83
83
83
83
83
83
T
10,0
13,0
14,0
15,0
16,0
17,0
17,0
17,0
19,0
136
155
160
172
230
235
250
263
255
 1C 
 1C 
 1C 
 1C 
 1C 
 1C 
 1C 
 1C 
 1C 
5
5
5
5
5
5
5
5
5
5
5
5
5
5
5
5
5
5
5
5
5
5
5
5
5
Dimensiune         D1            D2 
MM/inch           mm           mm 
           L              t min          Greutate
       mm            mm                gr
87.64
63.93
63.93
63.93
65.57
65.57
65.57
65.57
65.57
68.03
68.03
68.85
70.49
75.41
91.80
104.92
13
14
15
16
17
18
19
20
21
22
23
24
9/16"
5/8"
11/16"
3/4"
13/16"
7/8"
15/16"
20.5
21.5
23.5
24.5
25
25
27
28
29.5
30
32
33
21.5
24.5
24.5
27
28
30
33
25
25
30
30
30
30
30
30
30
30
30
30
25
25
25
30
30
32
30
08M13LT
08M14LT
08M15LT
08M16LT
08M17LT
08M18LT
0812M19LT
08M20LT
08M21LT
08M22LT
08M23LT
08M24LT
0809LT
0810LT
0811LT
0812M19LTinch
0813LT
0814LT
0815LT
08SDL 1/2”
78
78
78
78
78
78
78
78
78
78
78
78
78
78
78
78
78
78
78
6
7
7
8
9
9
9.5
10
11
11
13
13
7
8
9
9.5
11
13
13
240
240
240
240
240
230
230
230
230
230
230
230
240
240
230
230
230
230
230
117.59
117.59
117.59
121.50
121.50
121.50
121.50
133.45
144.59
144.59
149.31
157.20
117.59
117.59
121.50
121.50
133.45
144.59
157.20
Cap cheie tubulara impact cu profil de protectie 
1/2" 6 laturi, lunga
• patrat de antrenare 1/2” DIN 3121 - G 12,5
Dimensiune         D1            D2 
MM/inch           mm           mm 
           L              t min          Greutate
       mm            mm                gr
08M13SDL
08M14SDL
08M15SDL
08M16SDL
08M17SDL
08M18SDL
0812M19SDL
08M20SDL
08M21SDL
08M22SDL
13
14
15
16
17
18
19
20
21
22
21
22
24
25
26
28
28
30
30
32
25
25
30
30
30
30
30
30
30
30
78
78
78
78
78
78
78
78
78
78
6
7
7
8
9
9
9.5
10
11
11
230
230
320
320
320
320
320
320
320
330
101.14
101.14
101.14
107.19
107.19
107.19
107.19
117.66
117.66
117.66
127.00
127.00
127.00
128.99
128.99
128.99
128.99
132.90
132.90
