[SOURCE:CATALOG_UNIOR-TEPID_INDUSTRIAL_2025_rev5] [PAGE:416]
11200100320
11200100325
11200100330
11200100340
11200100350
11200100360
11200100370
11200100380
11200100390
11200100400
11200100410
11200100420
11200100425
11200100430
11200100440
11200100450
11200100460
11200100470
11200100480
11200100490
11200100500
11200100510
11200100520
11200100530
11200100540
11200100550
11200100560
11200100570
11200100580
11200100590
11200100600
11200100610
11200100620
11200100630
11200100640
11200100650
11200100660
11200100670
11200100680
11200100690
11200100700
11200100710
11200100720
11200100730
11200100740
11200100750
11200100760
11200100770
11200100780
11200100790
11200100800
11200100810
11200100820
11200100830
11200100840
11200100850
11200100860
11200100870
11200100880
11200100890
11200100900
11200100910
11200100920
11200100930
11200100940
11200100950
11200100960
11200100970
11200100980
11200100990
11200101000
11200101010
11200101020
11200101030
11200101040
11200101050
11200101060
11200101070
11200101080
11200101090
11200101100
11200101110
11200101120
11200101130
11200101150
11200101180
11200101190
11200101200
11200101220
11200101225
11200101250
11200101270
Ø
 3,2
 3,25
 3,3
 3,4
 3,5
 3,6
 3,7
 3,8
 3,9
 4,0
 4,1
 4,2
 4,25
 4,3
 4,4
 4,5
 4,6
 4,7
 4,8
 4,9
 5,0
 5,1
 5,2
 5,3
 5,4
 5,5
 5,6
 5,7
 5,8
 5,9
 6,0
 6,1
 6,2
 6,3
 6,4
 6,5
 6,6
6,7
 6,8
 6,9
 7,0
 7,1
7,2
 7,3
 7,4
 7,5
 7,6
 7,7
 7,8
 7,9
 8,0
 8,1
 8,2
 8,3
 8,4
 8,5
 8,6
 8,7
 8,8
 8,9
 9,0
 9,1
 9,2
 9,3
 9,4
 9,5
 9,6
 9,7
 9,8
 9,9
10,0
10,1
10,2
10,3
10,4
10,5
10,6
10,7
10,8
10,9
11,0
11,1
11,2
11,3
11,5
11,8
11,9
12,0
12,2
12,25
12,5
12,7
LT
65
65
65
70
70
70
70
75
75
75
75
75
75
80
80
80
80
80
86
86
86
86
86
86
93
93
93
93
93
93
93
101
101
101
101
101
101
101
109
109
109
109
109
109
109
109
117
117
117
117
117
117
117
117
117
117
125
125
125
125
125
125
125
125
125
125
133
133
133
133
133
133
133
133
133
133
142
142
142
142
142
142
142
142
142
142
142
151
151
151
151
151
LU
36
36
36
39
39
39
39
43
43
43
43
43
43
47
47
47
47
47
52
52
52
52
52
52
57
57
57
57
57
57
57
63
63
63
63
63
63
63
69
69
69
69
69
69
69
69
75
75
75
75
75
75
75
75
75
75
81
81
81
81
81
81
81
81
81
81
87
87
87
87
87
87
87
87
87
87
94
94
94
94
94
94
94
94
94
94
94
101
101
101
101
101
AMB
10
10
10
10
10
10
10
10
10
10
10
10
10
10
10
10
10
10
10
10
10
10
10
10
10
10
10
10
10
10
10
10
10
10
10
10
10
10
10
10
10
10
10
10
10
10
10
10
10
10
10
10
10
10
10
10
10
10
10
10
10
10
10
10
10
10
10
10
10
10
10
10
10
10
10
10
10
10
10
10
10
10
10
10
10
10
10
10
10
10
10
10
3.11
3.11
3.11
3.11
2.95
4.43
4.43
4.43
4.43
4.10
5.08
5.08
5.57
5.57
5.57
5.08
6.72
6.72
6.72
6.72
5.90
7.21
6.72
7.21
7.21
6.72
8.69
8.69
8.69
8.69
7.70
9.34
9.34
9.34
9.34
8.52
11.48
11.48
10.33
11.48
10.33
13.44
13.44
13.44
13.44
11.80
15.08
15.08
15.08
15.08
14.59
17.38
17.38
17.38
17.38
15.41
18.52
18.52
18.52
18.52
17.38
20.98
20.98
20.98
20.98
18.85
23.77
23.77
23.77
23.77
20.98
24.59
24.59
24.59
24.59
22.30
26.72
26.72
26.72
26.72
25.25
29.02
29.02
29.02
27.38
32.46
32.46
30.82
35.08
35.08
32.46
39.84
AMB
1110
Ø
12,75
12,8
13,0
13,5
14,0
14,5
15,0
15,5
16,0
LT
151
151
151
160
160
169
169
178
178
LU
101
101
101
108
108
114
114
120
120
11200101275
11200101280
11200101300
11200101350
11200101400
11200101450
11200101500
11200101550
11200101600
1129
10
10
10
10
10
10
10
10
5
39.84
39.84
36.56
55.57
58.36
63.61
75.41
82.79
82.79
Burghie cilindrice scurte pentru
metal DIN 338, tip N, 118°, HSS-G
rectificate, pe stanga
• burghie cilindrice scurte pentru metal, conform DIN 338, tip N,
unghi de ascutire 118°
• material HSS-G, tratate, rectificate
• taiere pe stanga
• unghiul spirei 20-30°
• toleranta diametrului h8
• de la Ø 2 mm cu ascutire suplimentara pe fata de asezare si
micsorarea taisului transversal, conform DIN 1412 C, pentru o 
aschiere mai usoara / micsorarea fortei de aschiere si o gaurire 
mai rapida
• destinate pentru gaurire in oteluri, oteluri turnate ne aliate si 
aliate, cu σr≤800 N/mm² si oteluri pentru tratament termic cu 
σr≤1100 N/mm², gaurire in fonte, fonte recoapte, fonte grafitate 
ductile turnate sub presiune si materiale neferoase (aliaje de 
aluminiu, cupru si bronzuri), mase plastice, materiale sinteriza-
te diverse (nu in piese sinterizate din pulberi de oteluri sau din 
carburi metalice)
• recomandabil a se pot folosi  pe masini de gaurit, utilaje 
stationare si fixe si numai ocazional pe masini de gaurit 
portabile, electrice sau pneumatice
PROFI
by BOHRCRAF T
PLUS
PREMIUM INDUSTRIE-QUALITÄT
DIN
338
HSS
G
Typ
N
800
N/mm²
C
2
1
4
1
N
I
D
118°
SPLIT POINT
11290300100
11290300150
11290300200
11290300240
11290300250
11290300260
11290300300
11290300320
11290300330
11290300340
11290300350
11290300400
11290300420
11290300450
11290300480
11290300500
11290300520
11290300550
11290300600
11290300650
11290300680
11290300690
11290300700
11290300750
11290300800
11290300850
11290300900
11290300950
11290301000
11290301020
11290301050
11290301100
11290301150
11290301200
11290301250
11290301300
Ø
1,0
1,5
2,0
2,4
2,5
2,6
3,0
3,2
3,3
3,4
3,5
4,0
4,2
4,5
4,8
5,0
5,2
5,5
6,0
6,5
6,8
6,9
7,0
7,5
8,0
8,5
9,0
9,5
10,0
10,2
10,5
11,0
11,5
12,0
12,5
13,0
LT
34
40
49
57
57
57
61
65
65
70
70
75
75
80
86
86
86
93
93
101
109
109
109
109
117
117
125
125
133
133
133
142
142
151
151
151
LU
12
18
24
30
30
30
33
36
36
39
39
43
43
47
52
52
52
57
57
63
69
69
69
69
75
75
81
81
87
87
87
94
94
101
101
101
AMB
10
10
10
10
10
10
10
10
10
10
10
10
10
10
10
10
10
10
10
10
10
10
10
10
10
10
10
10
10
10
10
10
10
10
10
5
6.39
6.89
7.70
8.52
8.52
11.64
11.64
12.30
12.30
12.30
12.30
13.44
16.23
16.23
19.34
19.34
23.93
23.93
25.57
30.98
34.26
34.26
34.26
38.69
45.08
48.03
59.18
62.30
67.70
83.77
83.77
90.16
115.74
123.28
130.98
134.10
Burghie cilindrice scurte pentru metal DIN 338, 
tip N, 118°, HSS-G rectificate, cu coada redusa
• burghie cilindrice scurte pentru metal, conform DIN 338, tip N, 
unghi de ascutire 118°
• material HSS-G, tratate, rectificate
• taiere pe dreapta
• unghiul spirei 20-30°
• toleranta diametrului h8 
• cu ascutire suplimentara pe fata de asezare si micsorarea taisului 
transversal, conform DIN 1412 C, pentru o aschiere mai usoara / 
micsorarea fortei de aschiere si o gaurire mai rapida
• destinatie si utilizare idem Art 1120 si Art 1120SB
DIN
338
HSS
G
Typ
N
C
2
1
4
1
N
I
D
800
N/mm²
118°
SPLIT POINT
Ø
10,50
11,00
11,50
12,00
12,50
13,00
13,50
14,00
14,50
15,00
15,50
16,00
16,50
17,00
17,50
18,00
18,50
19,00
19,50
20,00
20,50
21,00
21,50
22,00
22,50
23,00
23,50
24,00
24,50
25,00
LT
133
142
142
151
151
151
160
160
169
169
178
178
184
184
191
191
198
198
205
205
225
225
230
230
230
230
230
250
250
250
LU
87
94
94
101
101
101
108
108
114
114
120
120
125
125
130
130
135
135
140
140
145
145
150
150
155
155
155
160
160
160
COADA
10 x 30
10 x 30
10 x 30
10 x 30
10 x 30
10 x 30
10 x 30
10 x 30
10 x 30
10 x 30
10 x 30
10 x 30
13 x 35
13 x 35
13 x 35
13 x 35
13 x 35
13 x 35
13 x 35
13 x 35
13 x 40
13 x 40
13 x 40
13 x 40
13 x 40
13 x 40
13 x 40
13 x 40
13 x 40
13 x 40
28.36
28.36
32.79
38.03
42.13
45.25
47.54
50.98
58.85
62.79
66.89
70.00
78.20
80.33
83.93
85.90
91.64
97.54
100.82
103.93
131.31
147.70
147.70
153.44
159.67
175.90
175.90
197.87
197.87
203.44
11100101050
11100101100
11100101150
11100101200
11100101250
11100101300
11100101350
11100101400
11100101450
11100101500
11100101550
11100101600
11100101650
11100101700
11100101750
11100101800
11100101850
11100101900
11100101950
11100102000
11100102050
11100102100
11100102150
11100102200
11100102250
11100102300
11100102350
11100102400
11100102450
11100102500
1110 SB
Burghie cilindrice scurte pentru metal DIN 338, 
tip N, 118°, HSS-G rectificate, cu coada redusa, 
husa
DIN
338
HSS
G
Typ
N
C
2
1
4
1
N
I
D
800
N/mm²
118°
SPLIT POINT
11100701050
11100701100
11100701150
11100701200
11100701250
11100701300
11100701350
11100701400
11100701450
11100701500
11100701550
11100701600
11100701650
11100701700
11100701750
11100701800
11100701850
11100701900
11100701950
11100702000
Ø
10,50
11,00
11,50
12,00
12,50
13,00
13,50
14,00
14,50
15,00
15,50
16,00
16,50
17,00
17,50
18,00
18,50
19,00
19,50
20,00
LT
133
142
142
151
151
151
160
160
169
169
178
178
184
184
191
191
198
198
205
205
LU
87
94
94
101
101
101
108
108
114
114
120
120
125
125
130
130
135
135
140
140
COADA
10 x 30
10 x 30
10 x 30
10 x 30
10 x 30
10 x 30
10 x 30
10 x 30
10 x 30
10 x 30
10 x 30
10 x 30
13 x 35
13 x 35
13 x 35
13 x 35
13 x 35
13 x 35
13 x 35
13 x 35
31.80
31.80
35.90
40.98
45.25
48.20
51.15
54.10
61.97
66.07
70.16
72.95
81.31
83.61
87.05
89.02
94.75
100.82
104.10
107.38
