[SOURCE:CATALOG_UNIOR-TEPID_INDUSTRIAL_2025_rev5] [PAGE:1007]
Dorn conic
• material: Al-Bron 
NOU
041
Pana
• material: MZW
020
Topor cu maner lung
• material: MZW
L
150
150
150
150
150
150
150
150
150
150
150
150
150
200
200
200
200
250
250
250
250
250
250
250
180
250
250
250
250
250
250
200
60
60
60
60
60
70
70
200
200
200
200
300
300
400
400
500
500
800
800
900
900
950
1100
1200
1100
1500
1200
1300
1400
1550
1800
2000
247.70
247.70
247.70
247.70
247.70
290.01
290.01
394.69
394.69
514.99
514.99
651.73
651.73
1008.41
1008.41
1159.37
1159.37
1731.53
1731.53
2024.18
2024.18
2043.51
2090.94
2378.14
2341.12
2412.26
2535.37
2734.57
2852.89
3099.93
3587.16
3689.28
Ø1
Ø2
10
10
10
10
10
12
12
14
14
16
16
18
18
20
20
22
22
24
24
26
26
26
26
28
30
30
26
30
30
32
34
40
71472
71473
71474
71475
EGA-71476
71477
71478
71479
71480
71481
71482
71483
71484
71485
71486
71487
71488
71489
71490
71491
71492
76100
76102
76065
36543
76104
76106
76069
76108
76071
76098
36545
2
3
4
5
6
7
8
9
10
11
12
13
14
15
16
17
18
19
20
21
22
23
24
24
25
25
26
26
27
28
30
35
082
Dorn varf ac
• material: MZW
L
100
150
150
150
230
230
10
13
13
13
20
40
METALMINOTTI
COOPER AND UNCONVENTIONAL COOPER ALLOYS
50
25
30
40
40
40
041 1050
041 1325
041 1330
041 1340
041 2040
041 4040
041
Pana
• material: Al-Bron
78968
71493
71494
EGA-71495
EGA-71496
EGA-71497
71498
71499
71500
71501
71502
36216
71503
71504
71505
71506
71507
79935
71508
79937
L
80
100
135
150
150
150
150
180
180
180
200
200
200
200
200
230
250
250
300
300
Y
13
50
50
25
25
40
50
13
32
50
20
30
30
40
50
40
40
50
50
50
X
6-0
10-0
18-0
8-0
13-0
8-0
13-0
6-0
13-0
19-0
30-0
20-0
30-0
40-0
12-0
20-0
30-0
40-0
40-0
50-0
50
200
500
100
200
200
400
300
300
700
500
600
800
1300
500
800
1300
2100
2500
3100
301.64
249.18
288.52
314.75
760.66
1049.18
NOU
90.89
336.61
639.58
252.41
302.98
336.61
572.33
252.41
387.01
858.37
757.49
757.49
925.71
1599.00
656.36
976.19
1514.81
2422.50
2962.53
3646.15
METALMINOTTI
COOPER AND UNCONVENTIONAL COOPER ALLOYS
mm
900
L
900
3000
1573.77
020 9000
033
Topor cu maner scurt
• material: MZW
kg
033 1000
1000
L
450
METALMINOTTI
COOPER AND UNCONVENTIONAL COOPER ALLOYS
1000
1049.18
NOU
Topor pompier antiex, Al-Bron
• material: Al-Bron
• duritate: 229-291 Brinell (Al-Bron).
mm
340
Ø
145
Ø
98
72152
1300
2139.27
NOU
Topor antiex, Al-Bron
• material: Al-Bron
• duritate: 229-291 Brinell (Al-Bron)
mm
340
H
200
B
82
950
2192.73
72154
094
METALMINOTTI
COOPER AND UNCONVENTIONAL COOPER ALLOYS
Faras antiex
• material: MZW
mm
300
L
300
750
590.16
095
Barda
• material: MZW
095 3000
341
Tarnacop
• material: MZW
METALMINOTTI
COOPER AND UNCONVENTIONAL COOPER ALLOYS
METALMINOTTI
COOPER AND UNCONVENTIONAL COOPER ALLOYS
mm
L
341 5800
mm
580
L
580
240
2098.36
094 0540
120 x 200
540
400
1390.16
METALMINOTTI
COOPER AND UNCONVENTIONAL COOPER ALLOYS
Ø
2
3
4
5
6
8
10
12
16
082 0300
082 0400
082 0500
082 0600
082 0700
082 0800
082 1000
082 1200
082 1600
L
150
150
150
150
150
150
160
180
200
60
140
140
120
150
190
260
330
430
524.59
590.16
655.74
721.31
786.89
852.46
918.03
1049.18
1311.48
