[SOURCE:CATALOG_UNIOR-TEPID_INDUSTRIAL_2025_rev5] [PAGE:248]
TABEL DE CONVERSIE CUPLU
COD. 
56578
COD. 
56572
COD. 
56579
COD. 
56580
COD. 
56581
COD. 
56582
COD. 
56583
Ft.-lbs.
132
159
185
212
238
265
292
319
346
373
400
427
454
481
508
535
561
588
614
641
667
694
721
747
774
801
828
855
883
910
937
964
990
1017
1043
1070
1098
1126
1153
1181
1209
1236
1263
1291
1318
1345
Ft.-lbs.
347
414
481
547
614
681
748
816
883
951
1018
1085
1152
1220
1287
1354
1421
1487
1554
1620
1687
1754
1822
1889
1957
2024
2092
2160
2229
2297
2365
2432
2499
2565
2632
2699
2769
2838
2908
2977
3047
3115
3183
3251
3319
3387
Ft.-lbs.
790
947
1104
1262
1419
1576
1734
1892
2050
2208
2366
2525
2683
2842
3000
3159
3317
3475
3632
3790
3948
4106
4265
4423
4582
4740
4901
5063
5224
5386
5547
5705
5863
6021
6179
6337
6505
6674
6842
7011
7179
7342
7505
7668
7831
7994
Ft.-lbs.
1198
1433
1668
1904
2139
2374
2612
2850
3088
3326
3564
3802
4041
4279
4518
4756
4990
5225
5459
5694
5928
6164
6400
6635
6871
7107
7348
7589
7831
8072
8313
8547
8781
9015
9249
9483
9727
9971
10214
10458
10702
10943
11184
11426
11667
11908
Ft.-lbs.
2249
2683
3118
3552
3987
4421
4847
5273
5700
6126
6552
6974
7396
7818
8240
8662
9077
9492
9906
10321
10736
11158
11580
12002
12424
12846
13271
13696
14120
14545
14970
15388
15806
16223
16641
17059
17492
17925
18357
18790
19223
19653
20082
20512
20941
21371
Ft.-lbs.
3032
3606
4180
4755
5329
5903
6469
7035
7600
8166
8732
9302
9873
10443
11014
11584
12137
12690
13242
13795
14348
14911
15474
16037
16600
17163
17720
18278
18835
19393
19950
20510
21069
21629
22188
22748
23308
23868
24427
24987
25547
26106
26665
27225
27784
28343
Ft.-lbs.
6202
7422
8641
9861
11080
12300
13477
14654
15831
17008
18185
19378
20571
21763
22956
24149
25344
26538
27733
28927
30122
31317
32511
33706
34900
36095
37293
38491
39688
40886
42084
43282
44480
45678
46876
48074
49272
50470
51667
52865
54063
55260
56456
57653
58849
60046
P.S.I
1,000
1,200
1,400
1,600
1,800
2,000
2,200
2,400
2,600
2,800
3,000
3,200
3,400
3,600
3,800
4,000
4,200
4,400
4,600
4,800
5,000
5,200
5,400
5,600
5,800
6,000
6,200
6,400
6,600
6,800
7,000
7,200
7,400
7,600
7,800
8,000
8,200
8,400
8,600
8,800
9,000
9,200
9,400
9,600
9,800
10,000
COD. 
56578
COD. 
56572
COD. 
56579
COD. 
56580
COD. 
56581
COD. 
56582
COD. 
56583
N.M
179
215
251
287
323
359
396
433
469
506
542
579
616
652
689
725
761
797
833
869
904
941
977
1013
1050
1086
1123
1160
1197
1234
1270
1306
1343
1379
1415
1451
1488
1526
1564
1601
1639
1676
1713
1750
1787
1824
N.M
470
561
652
742
833
923
1015
1106
1197
1289
1380
1471
1562
1654
1745
1836
1926
2016
2107
2197
2287
2379
2470
2561
2653
2744
2837
2929
3022
3114
3207
3297
3388
3478
3569
3659
3754
3848
3942
4037
4131
4223
4316
4408
4500
4592
N.M
1071
1284
1497
1710
1924
2137
2351
2565
2779
2994
3208
3423
3638
3853
4068
4283
4497
4711
4925
5139
5353
5568
5782
5997
6212
6427
6645
6864
7083
7302
7521
7735
7949
8163
8378
8592
8820
9048
9277
9505
9733
9954
10175
10396
10617
10838
N.M
1624
1943
2262
2581
2900
3219
3541
3864
4187
4509
4832
5155
5479
5802
6125
6448
6766
7084
7402
7719
8037
8357
8677
8996
9316
9636
9963
10290
10617
10944
11271
11588
11905
12223
12540
12857
13188
13518
13849
14179
14510
14837
15164
15491
15818
16145
N.M
3049
3638
4227
4816
5405
5994
6572
7150
7728
8305
8883
9455
10028
10600
11172
11744
12306
12869
13431
13994
14556
15128
15700
16273
16845
17417
17993
18569
19145
19721
20297
20863
21430
21996
22562
23129
23716
24302
24889
25476
26063
26645
27228
27810
28393
28975
N.M
4111
4889
5668
6446
7225
8003
8771
9538
10305
11072
11839
12612
13386
14159
14932
15706
16455
17205
17954
18704
19453
20217
20980
21743
22507
23270
24026
24781
25537
26293
27049
27807
28566
29325
30083
30842
31601
32360
33119
33878
34637
35395
36153
36912
37670
38428
N.M
8409
10062
11716
13369
15023
16677
18272
19868
21464
23060
24656
26273
27890
29507
31124
32742
34361
35981
37601
39220
40840
42460
44079
45699
47319
48938
50562
52186
53810
55434
57058
58683
60307
61931
63555
65180
66804
68428
70052
71676
73300
74922
76544
78167
79789
81411 
Bar
69
83
97
110
124
138
152
165
179
193
207
221
234
248
262
276
290
303
317
331
345
359
372
386
400
414
427
441
455
469
483
496
510
524
538
552
565
579
593
607
621
634
648
662
676
689
