[SOURCE:CATALOG_UNIOR-TEPID_INDUSTRIAL_2025_rev5] [PAGE:1102]
Masurari - tabele conversii
TIPUL BOLTULUI.
3.6
4.6
5.6
5.8
6.8
8.8
9.8
10.9
12.9
moment in Nm
0.05
0.11
0.22
0.38
0.71
1.71
2.94
7.11
14.3
24.4
39
59.9
82.5
117
158
202
298
405
550
708
919
1139
1425
1716
2210
2737
3404
4100
4963
0.07
0.14
0.29
0.51
0.95
2.28
3.92
9.48
19.1
32.6
52
79.9
110
156
211
270
398
540
734
944
1226
1518
1900
2288
2947
3650
4538
5466
6617
0.09
0.18
0.36
0.63
1.19
2.85
4.91
11.9
23.8
40.7
65
99.8
138
195
264
337
497
675
917
1180
1532
1898
2375
2860
3684
4562
5673
6833
8271
0.11
0.24
0.48
0.84
1.59
3.8
6.54
15.8
31.8
54.3
86.6
133
183
260
352
449
663
900
1223
1573
2043
2530
3167
3813
4912
6083
7564
9110
11029
0.14
0.28
0.58
1.01
1.91
4.56
7.85
19
38.1
65.1
104
160
220
312
422
539
795
1080
1467
1888
2452
3036
3800
4576
5895
7300
9076
10932
13234
0.18
0.38
0.78
1.35
2.54
6.09
10.5
25.3
50.8
86.9
139
213
293
416
563
719
1060
1440
1956
2517
3269
4049
5067
6101
7859
9733
12102
14576
17646
0.21
0.42
0.87
1.52
2.86
6.85
11.8
28.4
57.2
97.7
156
240
330
468
634
809
1193
1620
2201
2832
3678
4555
5701
6864
8842
10950
13614
16398
19851
0.26
0.53
1.09
1.9
3.57
8.56
14.7
35.5
71.5
122
195
299
413
585
792
1011
1491
2025
2751
3540
4597
5693
7126
8580
11052
13687
17018
20498
24814
0.31
0.63
1.31
2.27
4.29
10.3
17.7
42.7
85.8
147
234
359
495
702
950
1213
1789
2430
3301
4248
5517
6832
8551
10296
13263
16425
20422
24597
29777
M
M 1.6
M 2
M 2.5
M 3
M 4
M 5
M 6
M 8
M 10
M 12
M 14
M 16
M 18
M 20
M 22
M 24
M 27
M 30
M 33
M 36
M 39
M 42
M 45
M 48
M 52
M 56
M 60
M 64
M 68
mm
3.2
4
5
5.5
7
8
10
13
17
19
22
24
27
30
32
36
41
46
50
55
60
65
70
75
80
85
90
95
100
