[SOURCE:CATALOG_UNIOR-TEPID_INDUSTRIAL_2025_rev5] [PAGE:127]
10M 5/8”
10L 5/8”
Cap cheie tubulara de torsiune 5/8" 6 laturi, scurt
• patrat de antrenare 5/8”
Cap cheie tubulara de torsiune 5/8" 6 laturi, lung
• patrat de antrenare 5/8”
Dimensiune               D1 
D2            L             t min           Greutate
10M13
10M14
10M15
10M16
10M17
10M18
1012M19
10M20
10M21W07
10M22
10M23
10M24
10M25
10M26
1017M27
10M28
10M29
1019M30
10M31
10M32
10M33
10M34
1022M35
10M36
10M37
1024M38
1008
1009
1010
1011
1012M19inch
1013
1014
1015
1016
1017M27inch
1018
1019M30inch
1020
1021
1022M35inch
1023
1024M38
MM/inch 
13
14
15
16
17
18
19
20
21
22
23
24
25
26
27
28
29
30
31
32
33
34
35
36
37
38
1/2"
9/16"
5/8"
11/16"
3/4"
13/16"
7/8"
15/16"
1"
1 1/16"
1 1/8"
1 3/16"
1 1/4"
1 5/16"
1 3/8"
1 7/16"
1 1/2"
   mm             mm         mm            mm                 gr
35
150
35
23
6
24
26
26
28
30
31
32
33
35
35
35
38
38
41
41
41
44
44
44
44
49
49
52
54
54
23
24
26
29
31
33
35
35
38
41
41
44
44
49
49
52
54
35
35
35
35
35
35
35
35
35
35
35
35
35
35
35
35
35
35
35
35
35
35
35
44
44
35
35
35
35
35
35
35
35
35
35
35
35
35
35
35
44
44
35
35
35
38
38
38
38
38
40
40
40
41
41
42
42
45
45
46
47
47
50
51
51
51
51
35
35
35
38
38
38
40
40
41
42
45
45
46
49
51
51
51
7
7
8
9
9
9.5
10
11
11
13
13
13
13
13
14
16.5
16.5
16.5
17
17
19
19
19
19
22
6
7
8
9
9.5
11
13
13
13
13
16.5
16.5
17
19
19
19
22
150
150
150
180
180
180
180
180
190
190
190
200
200
220
220
220
240
240
240
240
320
320
400
420
420
150
150
150
180
180
180
190
190
200
220
220
240
240
320
320
400
420
Dimensiune          D1             D2             L            t min               Greutate
MM/inch            mm            mm          mm           mm                      gr
10M13L
10M14L
10M15L
10M16L
10M17L
10M18L
1012M19L
10M20L
10M21L
10M22L
10M23L
10M24L
10M25L
10M26L
1017M27L
10M28L
10M29L
1019M30L
10M31L
10M32L
10M33L
10M34L
1022M35L
10M36L
10M37L
1024M38L
1008L
1009L
1010L
1011L
13
14
15
16
17
18
19
20
21
22
23
24
25
26
27
28
29
30
31
32
33
34
35
36
37
38
1/2"
9/16"
5/8"
11/16"
1012M19Linch
3/4"
1013L
1014L
1015L
1016L
13/16"
7/8"
15/16"
1"
1017M27Linch
1 1/16"
1018L
1 1/8"
1019M30Linch
1 3/16"
1020L
1021L
1 1/4"
1 5/16"
1022M35Linch
1 3/8"
1023L
1 7/16"
1024M38Linch
1 1/2"
23
24
26
26
28
30
31
32
33
35
35
35
38
38
41
41
41
44
44
44
44
49
49
52
54
54
23
24
26
29
31
33
35
35
38
41
41
44
44
49
49
52
54
35
35
35
35
35
35
35
35
35
35
35
35
35
35
35
35
35
35
35
35
35
35
35
35
44
44
35
35
35
35
35
35
35
35
35
35
35
35
35
35
35
44
44
88
88
88
88
88
88
88
88
88
88
88
88
88
88
88
88
88
88
88
88
88
88
88
88
88
88
88
88
88
88
88
88
88
88
88
88
88
88
88
88
88
88
88
6
7
7
8
9
9
9.5
10
11
11
13
13
13
13
13
14
16.5
16.5
16.5
17
17
19
19
19
19
22
6
7
8
9
9.5
11
13
13
13
13
16.5
16.5
17
19
19
19
22
460
460
460
460
460
460
460
460
460
460
460
460
500
500
540
540
540
590
590
590
590
700
700
750
850
850
460
460
460
460
460
460
460
460
500
540
540
590
590
700
700
750
850
123.49
123.49
123.49
123.49
123.49
123.49
123.49
130.50
130.50
130.50
136.03
147.25
147.25
152.93
158.39
165.32
165.32
165.32
171.15
171.15
171.15
174.39
174.39
183.91
192.54
192.54
123.49
123.49
123.49
123.49
123.49
130.50
136.03
138.91
147.25
158.39
165.32
165.32
171.15
174.39
174.39
183.91
192.54
74.29
74.29
74.29
74.29
74.29
74.29
74.29
74.29
74.29
76.13
81.44
82.77
88.23
91.18
99.07
99.07
119.58
124.30
124.30
138.91
138.91
158.39
158.39
158.39
176.75
176.75
74.29
74.29
74.29
74.29
74.29
74.29
78.57
82.77
88.23
99.07
119.58
124.30
124.30
138.91
158.39
165.32
176.75
