[SOURCE:CATALOG_UNIOR-TEPID_INDUSTRIAL_2025_rev5] [PAGE:969]
001
Cheie fixa dubla dreapta
• material: MZW
002
Cheie fixa simpla
• material: MZW
METALMINOTTI
COOPER AND UNCONVENTIONAL COOPER ALLOYS
001 0607
001 0809
6 x 7
8 x 9
001 1011
10 x 11
001 1213
12 x 13
001 1415
14 x 15
001 1417
14 x 17
001 1617
16 x 17
001 1719
17 x 19
001 1819
18 x 19
001 1922
19 x 22
001 2022
20 x 22
001 2123
21 x 23
001 2224
22 x 24
001 2426
24 x 26
001 2427
24 x 27
001 2528
25 x 28
001 2729
27 x 29
001 2730
27 x 30
001 2732
27 x 32
001 3032
30 x 32
001 3036
30 x 36
001 3236
32 x 36
001 3538
35 x 38
001 3638
36 x 38
001 3641
36 x 41
001 4146
41 x 46
001 4650
46 x 50
001 5055
50 x 55
001 5560
55 x 60
001 6065
60 x 65
001-KIT
L
125
145
160
175
210
210
210
225
225
245
245
245
245
270
270
270
270
270
305
305
330
330
340
360
360
380
410
470
570
570
METALMINOTTI
170.49
177.05
183.61
190.16
196.72
203.28
209.84
236.07
249.18
275.41
288.52
301.64
314.75
340.98
393.44
459.02
524.59
590.16
655.74
721.31
786.89
918.03
1049.18
1114.75
1180.33
1311.48
1442.62
1967.21
3278.69
3672.13
NOU
50
50
75
100
220
220
300
300
300
300
300
300
350
600
600
600
600
600
800
800
1150
1150
1300
1350
1350
1400
1700
2300
5200
5200
Set chei fixe duble drepte
6-22 mm / 8 piese
• material: MZW
METALMINOTTI
COOPER AND UNCONVENTIONAL COOPER ALLOYS
001-KIT
6 - 22 / 8
L
290
1000
1731.15
001 (6x7, 8x9, 11x12, 13x14, 15x16, 16x17, 18x19, 20x22)
METALMINOTTI
METALMINOTTI
COOPER AND UNCONVENTIONAL COOPER ALLOYS
30
30
40
40
50
50
100
100
100
100
150
150
150
150
200
300
300
300
400
500
600
900
900
1100
1300
1400
2000
3400
3400
183.61
183.61
183.61
196.72
196.72
196.72
209.84
222.95
236.07
262.30
288.52
327.87
367.21
393.44
432.79
472.13
511.48
537.70
577.05
721.31
852.46
983.61
1114.75
1245.90
1311.48
1836.07
2163.93
2557.38
2754.10
L
110
110
110
110
110
125
140
140
140
140
155
155
155
155
215
215
215
215
240
240
240
240
240
335
410
410
410
600
600
6
7
9
10
11
12
13
14
15
16
17
18
19
20
21
22
24
26
27
30
32
36
38
41
46
50
55
60
65
002 0006
002 0007
002 0009
002 0010
002 0011
002 0012
002 0013
002 0014
002 0015
002 0016
002 0017
002 0018
002 0019
002 0020
002 0021
002 0022
002 0024
002 0026
002 0027
002 0030
002 0032
002 0036
002 0038
002 0041
002 0046
002 0050
002 0055
002 0060
002 0065
023
Cheie combinata
• material: MZW
METALMINOTTI
COOPER AND UNCONVENTIONAL COOPER ALLOYS
023 0010
023 0011
023 0012
023 0013
023 0014
023 0015
023 0016
023 0017
10
11
12
13
14
15
16
17
L
150
150
190
190
190
210
210
210
METALMINOTTI
60
70
110
110
110
200
200
200
222.95
236.07
249.18
262.30
275.41
288.52
301.64
314.75
023 0018
023 0019
023 0020
023 0021
023 0022
023 0023
023 0024
023 0027
023 0030
023 0032
023 0036
023 0041
023 0046
18
19
20
21
22
23
24
27
30
32
36
41
46
L
230
230
255
255
255
255
270
280
300
310
330
405
405
220
220
220
350
350
350
400
500
650
650
850
2000
2000
327.87
340.98
354.10
367.21
380.33
393.44
459.02
524.59
983.61
1114.75
1377.05
1770.49
2295.08
NOU
Cheie combinata cu clichet
Al-Bron 
• material: Al-Bron 
74102
74121
74136
74161
36328
36329
74188
36332
74191
36333
36334
36335
8
10
12
13
14
15
17
18
19
22
24
27
L
155
165
175
190
190
190
220
220
240
270
290
315
Cheie inelara cu clichet
Al-Bron 
• material: Al-Bron 
70887
70888
70889
70890
70891
70892
70893
70894
70895
70896
70897
70898
70899
70900
70901
70902
70903
9
11
13
14
17
19
22
24
27
30
32
36
41
46
50
55
60
L
150
150
155
155
200
200
220
220
240
280
280
290
295
360
360
440
440
150
180
200
240
245
245
250
250
310
420
570
750
160
180
190
190
200
210
210
220
220
230
230
260
260
450
550
650
850
1397.32
1437.72
1578.02
1767.06
1769.78
1889.59
2249.16
2276.68
2304.11
2703.26
2813.81
3866.26
NOU
1349.56
1453.50
1609.25
1712.77
1816.71
2024.34
2284.03
2439.61
2750.85
2854.95
3322.27
3685.64
4360.34
5045.37
5699.58
6307.27
6634.04
