[SOURCE:CATALOG_UNIOR-TEPID_INDUSTRIAL_2025_rev5] [PAGE:979]
NOU
NOU
NOU
Cap cheie tubular cu profil 
hexagonal 1/4”, antiex Al-Bron
• material: Al-Bron
Cap cheie tubular cu profil 
hexagonal 1/4”, lung, antiex
Al-Bron
• material: Al-Bron
Cap cheie tubulara lunga 3/8”
6 laturi antiex Al-Bron
• material: Al-Bron
73693
73695
73697
73699
73701
73703
73705
73707
3
4
5
6
7
8
9
10
L
55
55
55
55
55
65
65
65
20
20
20
25
30
40
55
60
36618
36619
36620
36621
36622
36623
36624
36625
3
4
5
6
7
8
9
10
L
55
55
55
55
55
65
65
65
21
28
35
44
50
80
110
110
696.18
709.48
814.41
827.72
906.54
1024.86
1142.92
1274.29
NOU
Cap cheie tubulara scurta 3/8”
6 laturi antiex Al-Bron
• material: Al-Bron
Cap cheie tubulara scurta 3/8”
12 laturi antiex Al-Bron
• material: Al-Bron
L
28
28
28
28
28
28
32
32
32
32
32
32
32
32
32
32
32
32
32
32
32
35
35
35
35
35
35
5
5,5
6
7
8
9
10
11
12
13
14
15
16
17
19
20
5/16”
3/8”
7/16”
1/2”
9/16”
5/8”
11/16”
3/4”
13/16”
7/8”
15/16”
75593
75595
75597
75599
75601
75603
75605
75607
75609
75611
75613
75615
75617
75619
75621
75623
75625
75627
75629
75631
75633
75635
75637
75639
75641
75643
75645
20
20
20
20
20
20
35
35
40
40
40
45
45
55
60
60
20
30
35
40
45
65
70
75
80
85
100
460.21
488.88
536.88
545.39
553.82
606.45
607.28
639.09
683.70
722.29
747.74
773.52
786.07
837.14
869.36
894.72
567.29
619.67
654.21
690.73
718.98
742.70
786.57
839.20
857.96
876.55
930.75
75647
75649
75651
75653
75655
75657
75659
75661
75663
75665
75667
75669
75671
75673
75675
75677
75679
75681
75683
75685
75687
75689
75691
75693
75695
75697
5
5,5
6
7
8
9
10
11
12
13
14
15
16
17
19
20
5/16”
3/8”
7/16”
1/2”
9/16”
5/8”
11/16”
3/4”
13/16”
7/8”
75699 
15/16”
L
28
28
28
28
28
28
32
32
32
32
32
32
32
32
32
32
32
32
32
32
32
35
35
35
35
35
35
20
20
20
20
20
20
35
35
40
40
40
45
45
55
60
60
20
30
35
40
45
65
70
75
80
85
100
1498.04
1544.88
1591.57
1638.41
1685.34
1819.77
1869.01
2010.63
NOU
460.21
488.88
536.88
545.39
553.82
606.45
607.28
639.09
683.70
722.29
747.74
773.52
786.07
837.14
869.36
894.72
567.29
619.67
654.21
690.73
718.98
742.70
786.57
839.20
857.96
876.55
930.75
L
60
60
60
60
60
60
60
60
60
60
60
60
60
60
60
60
60
60
60
60
60
60
60
60
60
60
60
5
5,5
6
7
8
9
10
11
12
13
14
15
16
17
19
20
5/16”
3/8”
7/16”
1/2”
9/16”
5/8”
11/16”
3/4”
13/16”
7/8”
15/16”
78858
78860
78862
78864
78866
78868
78870
78872
78874
75967
78876
78878
78880
78882
78884
78886
78888
78890
78892
78894
78896
78898
78900
78902
78904
78906
78908
85
85
85
85
85
85
90
95
100
105
105
110
115
120
130
135
85
100
105
105
105
115
125
130
145
155
190
700.31
720.55
775.09
829.70
870.27
1050.14
1074.84
1116.65
1164.57
1198.86
1218.69
1260.83
1286.44
1329.07
1361.71
1431.86
821.93
1025.76
1207.12
1327.59
1495.89
1564.30
1649.65
1752.18
1865.13
1918.34
1939.99
NOU
Antrenor cu clichet reversibil
3/8” antiex, Al-Bron
• material: Al-bron
75701
3/8”
mm
200
400
2669.63
