[SOURCE:CATALOG_UNIOR-TEPID_INDUSTRIAL_2025_rev5] [PAGE:29]
120/1
Cheie combinata, varianta lunga
• cheia este forjata din otel premium crom-vanadiu
• cheia se remarca prin rezistenta exceptionala, durabilitatea
si protectia suprafetei, care ofera utilizatorului o utilizare fiabila
si de lunga durata. Este o solutie completa pentru insurubarea
suruburilor si piulitelor si un instrument indispensabil atat pentru
profesionisti, cat si pentru pasionatii de bricolaj.
• material: otel premium crom vanadiu
• forjata, calire si revenire totala
• acoperire cromare conform EN12540
• cap lustruit
• in concordanta cu standardul ISO 7738 (numai dimensiunile in mm)
• capul cheii sub un unghi de 15°
618491
618492
618493
618494
618495
618496
618497
618498
618499
618500
618501
618502
618503
618504
618505
L
B2
B1
A2
1/4"
119
10.4
14.5
5/16"
142
13.2
18.5
3/8"
153
14.3
21
7/16"
176
17.8
24.5
1/2"
199
20.4
29.5
9/16"
211
22
31.5
5/8"
234
24.8
11/16"
245
26.1
3/4"
268
29.3
36
38
42
13/16"
291
32.6
45.5
7/8"
303
34.1
46.5
15/16"
330
37.3
52.5
5
6.9
7.3
8
8.5
9
10.5
10.5
12
13
13
14
1"
337
39
54.5
14.5
1.1/16"
360
41.6
57.5
15
1.1/8"
372
43.2
59.5
LIFE profile
618506
1.1/4"
417
618507
1.5/16"
417
49
49
68
68
618508
618509
618510
1.3/8"
500
53.5
78.8
1.7/16"
500
53.5
78.8
1.1/2"
500
53.5
78.8
618511
1.5/8"
540
618512
1.11/16"
540
618516
1.7/8"
560
618518
2"
580
62
62
69
75
86.8
86.8
94
103
15.5
16.5
16.5
20
20
20
21
21
23
24
A1
3.5
3.9
4
4.5
5.2
5.2
6.2
6.7
7.2
8.2
8.2
8.5
8.5
9
9
1
14
23
27
45
68
82
121
144
186
251
266
382
377
453
532
25.90
26.56
32.62
34.26
38.85
39.67
43.44
49.34
52.79
60.00
64.92
75.74
84.26
95.90
103.93
10.5
719
118.69
10.5
732
128.03
13.6
1425
272.30
13.6
1395
272.30
13.6
1335
272.30
14.6
2000
352.79
14.6
1960
352.79
16
17
2445
479.84
2985
539.84
120/1CS
Set de chei combinate lungi
in cutie de carton
603709
8 - 19 / 8
770
303.28
 120/1  (8, 9, 10, 12, 13, 14, 17, 19)
L
B2
B1
A2
A1
616746
616747
616748
600357
600358
600359
600360
600361
600362
600363
600364
600365
600366
600367
600368
600369
600370
600371
600372
600373
600374
600375
600376
600377
600378
600379
600380
600381
600382
607019
602601
605838
602602
618514
618517
616752
616753
616754
616756
4
4.5
5
6
7
8
9
10
11
12
13
14
15
16
17
18
19
20
21
22
23
24
25
26
27
28
29
30
32
35
36
38
41
46
50
55
60
65
75
105
105
119
119
129
141
152
163
176
186
199
210
222
234
245
257
268
280
291
303
314
330
337
349
360
373
383
395
416
500
500
515
540
560
580
600
620
640
680
8
8
14
14
10.4
14.5
10.4
14.5
11.5
16.5
13.2
18.5
14.3
15.9
21
23
17.8
24.5
19.4
26.5
20.4
29.5
22
31.5
23.2
33.5
24.8
26.1
27.7
29.3
31
36
38
40
42
44
32.6
45.5
34.1
46.5
35.7
50.5
37.3
52.5
4
4
5
5
5.8
6.9
7.3
7.5
8
8.5
8.5
9
9.5
10.5
10.5
11
12
12.5
13
13
13
14
39
54.5
14.5
40.1
56
41.6
57.5
15
15
43.2
59.5
15.5
44.9
61.5
46.5
63.5
16
16
3.2
3.2
3.5
3.5
3.9
3.9
4
4.2
4.5
4.7
5.2
5.2
5.7
6.2
6.7
7.2
7.2
7.7
8.2
8.2
8.2
8.5
8.5
8.5
9
9
9.5
10
1
11
7
7
16
15
23
27
37
45
55
68
83
96
121
144
165
186
225
251
266
300
382
377
422
453
532
567
632
32.13
32.13
32.13
25.90
26.07
26.56
30.16
32.62
34.26
36.23
38.85
39.67
42.62
43.44
46.39
49.34
52.79
56.07
60.00
64.92
73.28
75.74
84.26
86.89
95.90
103.93
112.13
118.69
49
68
16.5
10.5
719
128.03
53.5
78.8
53.5
78.8
20
20
13.6
1405
207.70
13.6
1415
216.23
58
62
69
75
83
91
100
116
82.8
86.8
94
103
112
120
130
150
20.5
14.1
1310
233.77
21
23
24
26
28
30
34
14.6
1984
285.57
16
17
18
20
21
24
2445
462.13
1955
533.77
3395
652.13
4120
842.46
5205
1398.85
6995
1754.10
120/1CB
120/1MS
Set de chei combinate lungi in
cutie de carton
Set de chei combinate lungi
cu suport metalic
600383
6 - 22 / 17
1930
705.74
 120/1 (6, 7, 8, 9, 10, 11, 12, 13, 14, 15, 16, 17, 18,
19, 20, 21, 22)
600384
6 - 32 / 26
6200
1584.26
 120/1  (6, 7, 8, 9, 10, 11, 12, 13, 14, 15, 16, 17, 18,
19, 20, 21, 22, 23, 24, 25, 26, 27, 28, 29, 30, 32)
611019
8 - 22 / 10
1105
414.92
 120/1  (8, 10, 11, 12, 13, 14, 15, 17, 19, 22)
605537
6 - 22 / 17
2765
790.16
 120/1  (6, 7, 8, 9, 10, 11, 12, 13, 14, 15, 16, 17, 18, 
19, 20, 21, 22), 977/2 (6 - 22/17) 
611020
10 - 30 / 12
2611
678.36
120/1CT
 120/1  (10, 11, 12, 13, 14, 15, 17, 19, 22, 24, 27, 30)
619398
1/4" - 1.1/4" / 16
946.23
 120/1  (1/4", 5/16", 3/8", 7/16", 1/2", 9/16", 5/8", 11/16",
3720
3/4", 13/16", 7/8", 15/16", 1", 1.1/16", 1.1/8", 1.1/4")
Set de chei combinate lungi
in husa textila
615475
8 - 22 / 8
1050
476.56
 120/1  (8, 10, 11, 13, 15, 17, 19, 22), CT129 (470x330)
