[SOURCE:CATALOG_UNIOR-TEPID_INDUSTRIAL_2025_rev5] [PAGE:166]
Dimensiune         D1            D2 
MM/inch           mm           mm 
           L              t min          Greutate
       mm            mm                gr
95L 5-spline
95M47
95M48
9531M49
95M50
9532M51
95M52
9534M54
95M55
95M56
9536M57
95M58
9537M59
95M60
95M61
9539M62
9541M65
9542M67
9544M70
9546M73
9547M75
9548M76
95M77
95M80
47
48
49
50
51
52
54
55
56
57
58
59
60
61
62
65
67
70
73
75
76
77
80
9512M19 inch
9513
9514
9515
9516
9517M27 inch
9518
9519M30 inch
9520
9521
9522M35 inch
9523
9524M38 inch
9525
9526M41 inch
3/4"
13/16"
7/8"
15/16"
1"
1 1/16"
1 1/8"
1 3/16"
1 1/4"
1 5/16"
1 3/8"
1 7/16"
1 1/2"
1 9/16"
1 5/8"
9527M43 inch
1 11/16"
9528
1 3/4"
9529M46 inch
1 13/16"
9530
1 7/8"
9531M49 inch
1 15/16"
9532M51 inch
9533
9534M54 inch
9535
9536M57 inch
9537M59 inch
9538
9539M62 inch
9540
9541M65 inch
9542M67 inch
9543
9544M70 inch
9545
9546M73 inch
2"
2 1/16"
2 1/8"
2 3/16"
2 1/4"
2 5/16"
2 3/8"
2 7/16"
2 1/2"
2 9/16"
2 5/8"
2 11/16"
2 3/4"
2 13/16"
2 7/8"
9547M75 inch
2 15/16"
9548M76 inch
9549
9550
3"
3 1/16"
3 1/8"
73
73
73
82
82
82
82
82
88
88
88
88
88
88
88
100
100
100
105
105
109
109
115
48
48
48
48
49
51
51
54
60
60
60
63
63
67
67
67
73
73
73
73
82
82
82
82
88
88
88
88
100
100
100
100
100
105
105
105
109
109
109
60
60
60
60
60
60
60
60
86
86
86
86
86
86
86
86
86
86
86
86
86
86
86
60
60
60
60
60
60
60
60
60
60
60
60
60
60
60
60
60
60
60
60
60
60
60
60
86
86
86
86
86
86
86
86
86
86
86
86
86
86
86
84
88
88
88
88
88
93
93
96
96
96
96
96
98
100
100
102
102
108
108
114
114
114
70
70
70
70
70
70
70
70
75
77
77
77
80
80
80
84
84
84
88
88
88
93
93
96
96
96
98
100
100
100
102
102
102
108
108
108
114
114
114
25.5
27
27
27
27
27
30
30
32
33
33
33
33
35
35
35
38
38
41
41
44
44
44
9.5
11
13
13
13
13
16.5
16.5
17
19
19
19
22
22
22
25
25.5
25.5
27
27
27
30
30
32
33
33
35
35
35
35
38
38
38
40
41
41
44
44
44
1450
1450
1450
1900
1900
1900
1900
1900
2800
2800
2800
2800
2800
2800
2800
3600
3600
634.83
634.83
634.83
634.83
634.83
634.83
634.83
634.83
725.44
725.44
725.44
725.44
725.44
725.44
725.44
917.52
917.52
3600
1000.58
4100
1249.85
4100
1295.34
4400
1302.61
4400
1302.61
4500
1302.61
840
840
840
840
840
840
840
840
950
1050
1050
1050
1050
1200
1200
1200
1450
1450
1450
1450
1900
1900
1900
1900
2800
2800
2800
2800
3600
3600
3600
3600
503.45
503.45
503.45
503.45
503.45
503.45
503.45
503.45
503.45
503.45
503.45
514.96
514.96
574.99
574.99
634.83
634.83
634.83
634.83
634.83
634.83
634.83
634.83
725.44
725.44
725.44
725.44
725.44
917.52
917.52
917.52
917.52
3600
1000.58
4100
1150.84
4100
1249.85
4100
1295.34
4400
1302.61
4400
1302.61
4400
1302.61
Cap cheie tubulara de impact 5 SPLINE, 
6 laturi, lung
Dimensiune         D1            D2 
MM/inch           mm           mm 
           L              t min          Greutate
       mm            mm                gr
19
20
21
22
23
24
25
26
27
28
29
30
31
32
33
34
35
36
37
38
39
40
41
42
43
44
45
46
47
48
49
50
51
52
54
55
56
57
58
59
60
61
62
65
67
70
73
75
48
48
48
48
48
49
49
51
51
51
54
54
60
60
60
60
60
63
63
63
67
67
67
67
67
73
73
73
73
73
73
82
82
82
82
82
88
88
88
88
88
88
88
100
100
100
105
105
60
60
60
60
60
60
60
60
60
60
60
60
60
60
60
60
60
60
60
60
60
60
60
60
60
60
60
60
60
60
60
60
60
60
60
60
86
86
86
86
86
86
86
86
86
86
86
86
160
160
160
160
160
160
160
160
160
160
160
160
160
160
160
160
160
160
160
160
160
160
160
160
160
160
160
160
160
160
160
160
160
160
160
160
160
160
160
160
160
160
160
160
160
160
160
160
9.5
10
11
11
13
13
13
13
13
14
16.5
16.5
17
17
17
19
19
19
19
22
22
22
22
22
25
25
25.5
25.5
25.5
27
27
27
27
27
30
30
32
33
33
33
35
35
35
35
38
38
41
41
2340
2340
2340
2340
2340
2340
2340
2340
2340
2340
2340
2340
2340
2340
2340
2340
2340
2500
2500
2500
2700
2700
2700
2700
2700
3000
3000
3000
3000
3000
3000
3700
3700
3700
3700
3700
4800
4800
4800
4800
4800
4800
4800
6100
6100
6100
6600
6600
848.52
848.52
848.52
848.52
848.52
848.52
848.52
848.52
848.52
848.52
848.52
848.52
848.52
848.52
848.52
848.52
848.52
848.52
848.52
848.52
848.52
855.88
855.88
855.88
937.43
937.43
937.43
937.43
937.43
937.43
937.43
1000.20
1000.20
1000.20
1019.55
1019.55
1217.28
1217.28
1217.28
1217.28
1217.28
1253.06
1253.06
1412.09
1412.09
1618.42
1716.30
1784.25
9512M19L
95M20L
95M21L
95M22L
95M23L
95M24L
95M25L
95M26L
9517M27L
95M28L
95M29L
9519M30L
95M31L
95M32L
95M33L
95M34L
9522M35L
95M36L
95M37L
9524M38L
95M39L
95M40L
9526M41L
95M42L
9527M43L
95M44L
95M45L
9529M46L
95M47L
95M48L
9531M49L
95M50L
9532M51L
95M52L
9534M54L
95M55L
95M56L
9536M57L
95M58L
9537M59L
95M60L
95M61L
9539M62L
9541M65L
9542M67L
9544M70L
9546M73L
9547M75L
