[SOURCE:CATALOG_UNIOR-TEPID_INDUSTRIAL_2025_rev5] [PAGE:989]
NOU
NOU
NOU
Cap cheie tubulara de IMAPCT
scurta 1” 6 laturi antiex
Al-Bron
• material: Al-Bron
Cap cheie tubulara de IMAPCT
lunga 1” 6 laturi antiex
Al-Bron
• material: Al-Bron
Cap cheie tubulara de IMAPCT
scurta 1.1/2” 6 laturi antiex
Al-Bron
• material: Al-Bron
L
60
60
60
60
60
60
60
60
60
70
70
70
70
70
80
80
90
90
90
90
90
90
90
90
90
100
100
100
110
110
115
19
21
22
24
26
27
29
30
32
34
35
36
38
41
46
50
52
55
58
60
65
70
75
80
85
90
95
100
105
110
115
72331
72333
72335
72337
72339
72341
72343
72345
72347
72349
72351
72353
72355
72357
72359
72361
72363
72365
72367
72369
72371
72373
72375
72377
79846
79848
79870
79872
79874
79876
79878
L
100
100
100
100
100
100
100
100
100
100
100
100
100
100
115
115
125
125
125
125
135
135
140
140
110
115
115
115
115
120
125
19
21
22
24
26
27
29
30
32
34
35
36
38
41
46
50
52
55
58
60
65
70
75
80
85
90
95
100
105
110
115
78596
78598
78600
78602
78604
78606
78608
78610
78612
78614
78616
76854
78618
78620
78622
78624
78626
78628
78630
78632
78634
78636
78638
78640
36856
36857
36858
36859
36860
36861
36862
650
650
700
700
700
700
700
750
750
800
850
850
900
900
1200
1500
1700
1800
1900
2000
2300
2700
3000
3300
3500
3700
4000
4500
5500
5750
7000
2192.40
2257.75
2322.45
2379.95
2437.54
2509.42
2588.41
2746.63
2919.15
3076.22
3246.01
3388.62
3660.11
3770.83
3894.60
4059.93
4406.61
4691.83
4977.29
5346.37
5888.79
6811.35
7269.91
8092.01
10087.93
11061.89
13456.97
14378.05
18564.30
18964.53
25802.82
NOU
900
950
950
1000
1050
1050
1150
1150
1250
1300
1350
1400
1450
1500
2200
2300
2650
2700
100
3000
3950
3950
4750
4800
4020
4510
4930
5450
5820
6300
7060
3288.81
3386.63
3483.80
3569.72
3656.07
3763.97
3882.54
4120.08
4378.77
4614.08
4868.97
5082.72
5490.13
5656.04
5841.86
6090.14
6610.17
7037.82
7465.73
8019.47
8833.05
10217.24
10904.82
12138.47
13180.92
14008.14
15256.66
16816.00
18028.41
19587.92
21913.59
NOU
Prelungitor de IMAPCT,
antiex Al-Bron
• material: Al-Bron
Adaptor de IMAPCT,
antiex Al-Bron
• material: Al-Bron
L
75
125
125
250
150
300
1/2”
1/2”
3/4”
3/4”
1”
1”
78378
78380
78382
78384
78386
78388
155
240
550
1100
1100
2200
1933.29
2268.83
3631.36
4216.83
3811.56
5768.73
76712
1/2” - 3/4”
76492
3/4” - 1/2” 
76714
76716
3/4” - 1”
1” - 3/4”
36207
1” - 1.1/2”
73743
1.1/2” - 1”
230
350
460
700
1550
3150
1455.24
1942.47
4030.35
4419.25
7684.18
9072.08
L
80
80
80
80
85
85
90
90
90
90
95
95
100
100
110
125
130
135
140
34
36
38
41
46
48
50
54
55
60
65
70
75
80
85
90
95
100
105
78134
78136
78138
78140
78142
78144
78146
78148
78150
78152
78154
78156
78158
78160
78162
78164
78166
78168
78170
2200
2200
2200
2200
2400
2450
2600
2650
2650
3050
3350
3800
4100
4800
5600
6850
7650
8200
8800
7796.47
7875.62
7954.94
8035.66
8116.55
8164.88
8718.21
8718.21
8718.21
9809.74
10713.22
11925.71
12784.41
14756.05
17164.42
20713.16
21025.23
22323.32
23613.47
NOU
Cap cheie tubulara de IMAPCT
scurta 2.1/2” 6 laturi antiex
Al-Bron
• material: Al-Bron
L
140
140
140
150
150
150
150
150
150
150
150
75
80
85
90
95
100
105
110
115
120
125
78290
78292
78294
78296
78298
78300
78302
78304
78306
78308
78310
8400
8700
8900
10250
10500
11300
12200
13250
14150
15050
15950
24103.92
24754.66
25093.09
28544.49
28912.91
30811.34
33265.40
35719.72
37799.83
39742.80
41634.53
