[SOURCE:CATALOG_UNIOR-TEPID_INDUSTRIAL_2025_rev5] [PAGE:94]
700
Capete chei tubulare de impact 1/4"
• material: crom molibden
• actionare: patrat 1/4”
• conform DIN 3121 - G 6.3
• deschidere: Hexagon DIN / ISO 691 
700 L
Capete chei tubulare de impact lungi 1/4"
• material: crom molibden
• actionare: patrat 1/4”
• conform DIN 3121 - G 6.3
• deschidere: Hexagon DIN / ISO 691 
1000070001
3,5
1000070002
4
1000070003
4,5
1000070004
5
1000070005
5,5
1000070006
1000070015
1000070007
1000070016
1000070008
1000070009
1000070017
1000070010
1000070011
6
7
8
9
10
11
12
13
14
D2
7,0
7,6
8,2
8,8
9,5
10,0
11,3
12,5
13,8
15,0
16,3
17,0
18,8
20,0
1000070012
1/4''
10,3
1000070018
5/16''
12,5
1000070013
3/8''
15,0
1000070014
1/2''
18,8
700 M
D1
13,0
13,0
13,0
13,0
13,0
13,0
13,0
13,0
13,0
13,0
13,0
13,0
13,0
13,0
13,0
13,0
13,0
13,0
L
23
23
23
23
23
23
23
23
23
23
23
23
23
23
23
23
23
23
T
2,5
4,0
5,0
5,0
5,0
6,0
6,0
6,0
7,0
7,0
8,0
8,0
8,0
8,0
6,0
7,0
7,0
8,0
14
14
14
14
15
15
14
15
17
17
20
24
27
21
16
15
17
19
 1C 
 1C 
 1C 
 1C 
 1C 
 1C 
 1C 
 1C 
 1C 
 1C 
 1C 
 1C 
 1C 
 1C 
 1C 
 1C 
 1C 
 1C 
Capete chei tubulare de impact cu magnet 1/4"
• material: crom molibden
• actionare: patrat 1/4”
• conform DIN 3121 - G 6.3
• deschidere: Hexagon DIN / ISO 691
• cu magnet permanent puternic 
1000070030
5
1000070031
5,5
1000070032
1000070033
1000070034
1000070035
1000070036
1000070037
1000070038
6
7
8
9
10
11
13
D2
8,8
9,5
10,0
11,3
12,5
13,8
15,0
16,3
18,8
1000070039
1/4''
10,3
1000070040
5/16''
12,5
1000070041
3/8''
15,0
1000070042
1/2''
18,8
D1
13,0
13,0
13,0
13,0
13,0
13,0
13,0
13,0
13,0
13,0
13,0
13,0
13,0
L
23
23
23
23
23
23
23
23
23
23
23
23
23
T
3,0
3,0
3,0
3,0
3,0
4,0
4,0
5,0
5,0
3,0
3,0
4,0
5,0
14
15
16
16
16
20
19
23
28
17
18
25
29
 1C 
 1C 
 1C 
 1C 
 1C 
 1C 
 1C 
 1C 
 1C 
 1C 
 1C 
 1C 
 1C 
5
5
5
5
5
5
5
5
5
5
5
5
5
5
5
5
5
5
5
5
5
5
5
5
5
5
5
5
5
5
5
49.25
49.25
49.23
49.25
49.25
49.25
49.25
49.25
49.25
49.25
50.27
50.27
51.24
51.24
49.25
49.25
49.25
50.27
68.89
68.89
68.89
68.89
68.89
69.85
69.85
69.85
73.84
68.89
68.89
68.89
72.81
D2
11,3
12,5
13,8
15,0
16,3
17,0
18,8
D1
13,0
13,0
13,0
13,0
13,0
13,0
13,0
L
50
50
50
50
50
50
50
T
7,0
9,0
9,0
9,0
9,0
9,0
9,0
32
30
30
38
51
61
65
 1C 
 1C 
 1C 
 1C 
 1C 
 1C 
 1C 
5
5
5
5
5
5
5
73.84
73.84
73.84
74.73
75.76
76.79
76.79
1000070050
1000070051
1000070052
1000070053
1000070054
1000070055
1000070056
7
8
9
10
11
12
13
700 FM
Capete chei tubulare de impact cu magnet cu arc 1/4"
• material: crom molibden
• actionare: patrat 1/4”
• conform DIN 3121 - G 6.3
• deschidere: Hexagon DIN / ISO 691 
D2
11,3
12,5
15,0
18,8
D1
13,0
13,0
13,0
13,0
L
50
50
50
50
T
4,0
4,0
4,5
6,5
32
35
44
60
 1C 
 1C 
 1C 
 1C 
1000070060
1000070061
1000070062
1000070063
7
8
10
13
700 SF
Capete chei tubulare de impact cu profil de
protectie 1/4"
• material: crom molibden
• actionare: patrat 1/4”
• conform DIN 3121 - G 6.3
• deschidere: Hexagon DIN / ISO 691 
1000070065
1000070066
1000070068
1000070069
1000070070
7
8
10
11
13
D2
13,0
13,0
13,0
13,0
13,0
D1
11,3
12,5
15,0
16,3
18,8
L
23
23
23
23
23
T
6,0
7,0
7,0
8,0
8,0
 1C 
 1C 
 1C 
 1C 
16
15
17
18
26
5
5
5
5
5
5
5
5
5
206.61
206.61
206.61
233.19
54.19
54.19
54.19
56.12
58.17
