[SOURCE:CATALOG_UNIOR-TEPID_INDUSTRIAL_2025_rev5] [PAGE:241]
440
Cap cheie inelara decupata
• otel aliat forjat
• capete de antrenare usor interschimbabile
Cap cheie hexagonala CROW-FOOT
1/4’’
3/8’’
1/2’’
L
23,8
28,5
28,4
28
30,8
32
31,7
36,5
36,1
39,2
40,8
40,5
42,9
42,8
45,3
47,5
47,3
49,3
49,3
52,8
57,1
56,8
63
62,5
64,2
66,5
68,1
71,8
71,8
71
77,7
83,2
b
12,7
18,2
18,2
18,2
20,6
22,2
22,2
24,6
24,6
27,3
29
29
31,3
31,3
33,5
35,7
35,7
37,7
37,7
a
8
13,5
13,5
13,5
14
14
14
17,5
17,5
17,5
18,5
18,5
18,5
18,5
19
19,5
19,5
20
20
40
21,4
42,1
42,1
48
48
50
51,9
53,9
57,9
57,9
57,9
64,2
70,5
15
22,5
22,5
22,5
24
24
24
24,5
24,5
24,5
26
27,5
S
12,3
14
14
14
15,7
16,4
16,4
19,1
19,1
20,5
21,3
21,3
22,5
22,5
23,6
24,6
24,6
25,7
25,7
28,2
29,3
29,3
32,5
32,5
33,5
34,6
35,6
37,7
37,7
37,7
40,9
44,1
6,3
6,7
7,1
8,6
9
10
11,1
11,9
13
14
14,8
15,8
15,8
16,2
17
17,5
18
19
19
20
20
21
22
24
27
27
28,6
31
31
33,2
34,1
39,7
Antrenare
1/4’’
1/4’’
1/4’’
1/4’’
1/4’’
1/4’’
1/4’’
3/8’’
3/8’’
3/8’’
3/8’’
3/8’’
3/8’’
3/8’’
3/8’’
3/8’’
3/8’’
3/8’’
3/8’’
1/2’’
1/2’’
3/8’’
1/2’’
3/8’’
1/2’’
1/2’’
1/2’’
1/2’’
1/2’’
1/2’’
1/2’’
1/2’’
1/2’’
1/2’’
1/2’’
1/2’’
1/2’’
1/2’’
1/2’’
8
9
10
11
12
13
14
15
16
17
18
19
20
21
22
23
24
25
26
27
27
28
30
32
34
36
38
40
41
42
46
50
SW 01190008
SW 01190009
SW 01190010
SW 01190011
SW 01190012
SW 01190013
SW 01190014
SW 02190015
SW 02190016
SW 02190017
SW 02190018
SW 02190019
SW 02190020
SW 02190021
SW 02190022
SW 02190023
SW 02190024
SW 02190025
SW 02190026
SW 02190027
SW 02191027
SW 03190028
SW 03190030
SW 03190032
SW 03190034
SW 03190036
SW 03190038
SW 03190040
SW 03190041
SW 03190042
SW 03190046
SW 03190050
736/10
Cap cheie inelara interschimbabil pentru biti
utilizare cu cheie dinamometrica 9x12 mm
• pentru chei dinamometrice cu suport dreptunghiular
• extrem de rezistent, extrem de durabil
NOU
NOU
NOU
NOU
NOU
NOU
NOU
NOU
NOU
NOU
NOU
NOU
NOU
NOU
426.90
435.42
378.26
426.90
389.42
378.26
378.26
550.72
486.62
486.62
486.62
469.58
508.04
495.29
495.29
NOU
567.76
NOU
NOU
NOU
NOU
NOU
NOU
NOU
NOU
NOU
495.29
576.36
508.04
584.88
597.62
597.62
619.04
644.60
644.60
665.94
708.70
964.79
721.52
802.59
815.33
1041.56
NOU
9x12
55736 
55737 
55738 
55739 
55740 
55741 
55742 
55743 
55744 
55745 
55746 
55747 
55748 
55749 
L
38
38
38
38
41
41
41
45
46
50
50
55
55
55
A
7,8
7,8
8
8
9
9
9
10,5
10,5
11
11
11,5
11,5
11,5
B
31
31
31
31
33
33
33
36
36
40
40
45
45
45
10
11
12
13
14
15
16
17
19
21
22
24
25
27
C
16
18
18
18
21
21
21
24
25
28,5
28,5
34
34
34
28
28
35
40
41
50
50
56
62
80
100
140
140
200
Antrenare
3/8’’
3/8’’
3/8’’
3/8’’
3/8’’
3/8’’
3/8’’
3/8’’
3/8’’
3/8’’
3/8’’
3/8’’
3/8’’
3/8’’
Cap cheie hexagonala CROW-FOOT
L
38
38
38
41
41
46
46
50
50
55
55
55
3/8
7/16
1/2
9/16
5/8
11/16
3/4
13/16
7/8
15/16
1
1.1/16
A
7,8
7,8
8
9
9
10,5
10,5
11
11
11,5
11,5
11,5
B
31
31
31
33
33
36
36
40
40
45
45
45
C
16
18
18
21
21
24
25
28,5
28,5
34
34
34
28
28
40
41
50
56
62
80
100
140
140
200
Antrenare
3/8’’
3/8’’
3/8’’
3/8’’
3/8’’
3/8’’
3/8’’
3/8’’
3/8’’
3/8’’
3/8’’
3/8’’
55750 
55751 
55752 
55753 
55754 
55755 
55756 
55757 
55758 
55759 
55760 
55761 
736/40
Cap cheie inelara interschimbabil pentru biti
utilizare cu cheie dinamometrica 14x18 mm
• pentru chei dinamometrice cu suport dreptunghiular
• extrem de rezistent, extrem de durabil
NOU
3/8’’
228.06 
237.58 
246.95 
266.06 
285.10 
304.06 
323.17 
342.06 
361.10 
380.06 
399.09 
418.13 
437.17 
456.20 
NOU
3/8’’
228.06 
237.58 
246.95 
266.06 
285.10 
304.06 
323.17 
342.06 
361.10 
380.06 
399.09 
418.13 
NOU
14x18
SW 58261010
5/16"
SW 58262610
1/4"
-
-
b
16
14
h
12.5
10
S
17.5
17.5
Antrenare
47
45
9x12
9x12
1
1
345.83
352.62
SW 58261040
5/16”
-
b
16
h
12.5
S
25
Antrenare
114
14x18
1
469.58
