[SOURCE:CATALOG_UNIOR-TEPID_INDUSTRIAL_2025_rev5] [PAGE:986]
L
115
115
125
125
135
135
140
140
140
140
140
140
140
46
50
55
60
65
70
75
80
85
90
95
100
105
1.1/16”
100
1.1/8”
100
1.3/16”
100
1.1/4”
100
1.5/16”
100
1.3/8”
100
1.7/16”
100
1.1/2”
1.5/8”
100
100
1.13/16”
115
1.7/8”
2”
2.1/8”
2.1/4”
2.3/8”
2.1/2”
115
115
125
125
125
125
2.9/16”
135
2.3/4”
135
2.15/16”
140
3”
3.1/8”
140
140
35401
35403
35405
35407
35409
35411
35413
35415
35417
35419
35421
35423
35425
35427
35429
35431
35433
35435
35437
35439
35441
35443
35445
35447
35449
35451
35453
35455
35457
35459
35461
35463
35465
35467
1250
1450
1750
2100
2600
3050
3850
4300
4600
4900
5300
5750
6200
800
800
800
800
850
850
900
950
1000
1250
1300
1450
1650
1800
2100
2300
2600
3050
3850
4000
4300
5484.76
5999.00
6739.06
7490.76
8273.37
9066.96
9852.79
10658.61
14908.07
15745.29
16601.76
17191.94
18261.16
3434.97
3496.19
3860.39
4089.18
4184.11
4212.20
4314.49
4870.62
5328.93
5503.35
5503.35
6004.95
7232.73
7232.73
7982.78
7982.78
8623.27
9088.44
10017.62
10017.62
11046.52
NOU
Cap cheie tubulara lunga 1”
12 laturi antiex Al-Bron
• material: Al-Bron
L
100
100
100
100
100
100
100
100
22
24
25
26
27
28
29
30
35469
35471
35473
35475
35477
35479
35481
35483
800
800
800
800
800
800
800
800
2691.77
2959.47
3452.48
3626.49
3490.57
3557.00
3622.77
3687.79
L
100
100
100
100
100
100
100
115
115
125
125
135
135
140
140
140
140
140
140
140
31
32
34
36
38
41
42
46
50
55
60
65
70
75
80
85
90
95
100
105
1.1/16”
100
1.1/8”
100
1.3/16”
100
1.1/4”
100
1.5/16”
100
1.3/8”
100
1.7/16”
100
1.1/2”
1.5/8”
100
100
1.13/16”
115
1.7/8”
2”
2.1/8”
2.1/4”
2.3/8”
2.1/2”
115
115
125
125
125
125
2.9/16”
135
2.3/4”
135
2.15/16”
140
3”
3.1/8”
140
140
35485
35487
35489
35491
35493
35495
35497
35499
35501
35503
35505
35507
35509
35511
35513
35515
35517
35519
35521
35523
35525
35527
35529
35531
35533
35535
35537
35539
35541
35543
35545
35547
35549
35551
35553
35555
35557
35559
35561
35563
35565
Antrenor mama-tata
1” antiex, Al-Bron
• material: Al-bron
800
800
850
900
950
1000
1050
1250
1450
1750
2100
2600
3050
3850
4300
4600
4900
5300
5750
6200
800
800
800
800
850
850
900
950
1000
1250
1300
1450
1650
1800
2100
2300
2600
3050
3850
4000
4300
3959.79
4060.17
4261.44
4547.90
4875.42
5360.91
5445.02
5484.76
5999.00
6739.06
7490.76
8273.37
9066.96
9852.79
10658.61
14908.07
15745.29
16601.76
17191.94
18261.16
3434.97
3496.19
3860.39
4089.18
4184.11
4212.20
4314.49
4870.62
5328.93
5503.35
5503.35
6004.95
7232.73
7232.73
7982.78
7982.78
8623.27
9088.44
10017.62
10017.62
11046.52
NOU
NOU
Cap clichet reversibil
1” antiex, Al-Bron
• material: Al-bron
73715
1”
mm
180
Cap antrenor articulat
1” antiex, Al-Bron
• material: Al-bron
3000
9842.38
NOU
72399
1”
mm
120
Intermediar cardanic
1” antiex, Al-Bron
• material: Al-bron
1100
2266.43
NOU
71271
1”
mm
145
1300
5119.40
NOU
Antrenor parghie glisanta
1” antiex, Al-Bron
• material: Al-bron
71278
1”
mm
300
Antrenor cotit
1” antiex, Al-Bron
• material: Al-bron
2300
5431.72
NOU
73729
1”
mm
300
1000
6700.39
72415
1”
mm
280
1100
4612.84
