[SOURCE:CATALOG_UNIOR-TEPID_INDUSTRIAL_2025_rev5] [PAGE:159]
760 GR
Inel retentie
40 2.1/2”
Cap cheie tubulara de impact 2.1/2" 6 laturi, scurt
• patrat de antrenare 2.1/2” DIN 3121 - forma H 63
• hexagon interior conform DIN 475/2
1000076900
1000076901
D2
86
127
PR24 1.1/2”
mm
≤ SW 90
> SW 90
Accesorii de impact 1./12"
 1C 
 1C 
 1C 
49.25
76.79
000.00
         Patrat             Tip 
Q
d                    L                    D
mm                 mm                mm
1.1/2"
1.1/2"
1.1/2"
1.1/2"
pin
pin
inel
inel
Ø 86
Ø 127
Ø 86
Ø 127
75
116
-
-
75
116
-
-
-
-
75
116
7.23
7.23
11.95
11.95
P2486
P24127
R2486
R24127
770
Capete chei tubulare de impact 2.1/2"
• material: crom molibden
• actionare: patrat 2.1/2”
• conform DIN 3121 - H 63
• deschidere: hexagon DIN / ISO 691 
1000077002
1000077003
1000077004
1000077005
1000077006
1000077007
1000077008
1000077009
1000077010
1000077011
1000077012
1000077013
1000077014
1000077015
1000077016
1000077017
1000077018
1000077019
1000077020
1000077021
1000077022
1000077023
1000077024
D2
127
127
127
127
127
127
127
127
127
127
127
127
127
127
127
127
127
127
127
127
127
127
127
D1
L
T
110,0
125
118,0
140
124,0
140
130,0
140
136,0
145
146,0
145
149,0
150
155,0
155
161,0
160
167,0
165
174,0
170
181,0
175
188,0
175
195,0
180
202,0
180
208,0
185
215,0
185
221,0
190
227,0
190
234,0
195
46,0
46,0
51,0
51,0
54,0
54,0
57,0
61,0
64,0
67,0
71,0
75,0
75,0
79,0
79,0
83,0
87,0
91,0
91,0
95,0
7650
7830
8390
9250
9970
10730
11920
11300
12980
14210
15390
15900
16130
16370
17280
17760
17960
18630
18850
19170
241,0
195
100,0
19620
248,0
200
105,0
21460
254,0
200
105,0
21500
70
75
80
85
90
95
100
105
110
115
120
125
130
135
140
145
150
155
160
165
170
175
180
 1C 
 1C 
 1C 
 1C 
 1C 
 1C 
 1C 
 1C 
 1C 
 1C 
 1C 
 1C 
 1C 
 1C 
 1C 
 1C 
 1C 
 1C 
 1C 
 1C 
 1C 
 1C 
 1C 
1
1
1
1
1
1
1
1
1
1
1
1
1
1
1
1
1
1
1
1
1
1
1
la cerere
la cerere
la cerere
la cerere
la cerere
la cerere
la cerere
la cerere
la cerere
la cerere
la cerere
la cerere
la cerere
la cerere
la cerere
la cerere
la cerere
la cerere
la cerere
la cerere
la cerere
la cerere
la cerere
Dimensiune         D1            D2 
MM/inch           mm           mm 
           L              t min          Greutate
       mm            mm                gr
41
42
43
44
45
46
47
48
49
50
51
52
54
55
56
57
58
59
60
61
62
65
67
70
73
75
76
77
80
85
86
90
95
100
105
110
115
120
125
130
135
140
145
150
155
160
104
104
104
104
104
104
104
104
104
104
104
104
104
104
104
104
104
104
104
104
104
104
104
104
115
115
115
115
115
127
127
135
140
145
150
160
165
170
170
180
190
190
200
210
210
220
127
127
127
127
127
127
127
127
127
127
127
127
127
127
127
127
127
127
127
127
127
127
127
127
127
127
127
127
127
127
127
127
127
127
127
127
127
127
127
127
127
127
150
150
150
150
115
115
115
115
115
115
115
115
115
115
115
115
115
115
115
115
115
115
115
115
115
115
115
115
125
125
125
125
125
130
130
132
132
141
141
150
150
158
158
174
174
176
182
190
190
194
21.5
21.5
25
25
25.5
25.5
25.5
27
27
27
27
27
30
30
32
32.5
32.5
33
33
35
35
35
38
38
41
41
44
44
44
47
49
49
49
54
54
62
62
67
67
76
76
79
83
88
88
91
7000
7000
7000
7000
7000
7000
7000
7000
7000
7000
7000
7000
7000
7000
7000
7000
7000
7000
7000
7000
7000
7000
7000
7000
7600
7600
7600
7600
7600
8000
8000
8100
8200
9000
9600
11000
11500
12000
12000
3585.31
3585.31
3585.31
3585.31
3585.31
3585.31
3585.31
3585.31
3585.31
3585.31
3585.31
3585.31
3721.22
3721.22
3721.22
3721.22
3721.22
3721.22
3721.22
3789.18
3789.18
3789.18
3789.18
3789.18
3789.18
3789.18
3789.18
3789.18
3789.18
4094.99
4485.74
4485.74
4774.66
5879.15
5938.80
6898.60
7612.25
8665.87
8946.19
14100
10653.80
17000
10653.80
17000
10806.80
20000
10806.80
22000
13763.22
22000
13763.22
23000
15929.74
4026M41
40M42
4027M43
40M44
40M45
4029M46
40M47
40M48
4031M49
40M50
4032M51
40M52
4034M54
40M55
40M56
4036M57
40M58
4037M59
40M60
40M61
4039M62
4041M65
4042M67
4044M70
4046M73
4047M75
4048M76
40M77
40M80
40M85
4054M86
40M90
4060M95
4063M100
4066M105
4069M110
40M115
40M120
40M125
4082M130
40M135
4088M140
40M145
4094M150
40M155
40M160
