[SOURCE:CATALOG_UNIOR-TEPID_INDUSTRIAL_2025_rev5] [PAGE:39]
176
Chei tubulare pipa cu 6 laturi
• material: crom vanadiu
• forjata, calire si revenire totala
• acoperire cromare conform EN12540
176CS11
Set de chei pipa in cutie de
carton
Datorita profilului adanc, cheia se foloseste si pentru
chei tubulare si tije filetate.
609102
609103
609104
609105
609106
609107
609108
609109
609110
609111
609112
609113
609114
609115
609116
609117
609118
609119
609120
609121
609122
609123
609124
609125
609126
609127
609128
609129
6
7
8
9
10
11
12
13
14
15
16
17
18
19
20
21
22
23
24
25
26
27
28
29
30
32
35
36
L1
104,5
108
113
118
123
128,5
135
143
149,5
163
173
184,5
198
204
207
216
231
238
249
260
270,5
280
290,5
298,5
311
330,5
340
376
L2
22
25
26
27
31
32
33
36,5
40
41,5
46,5
46,5
49
52
53,5
57
57
62
64,5
67
68
68
70
72
75
79
90
80
C
22
23
27
29
32
31
34
40
41
43
47
49
51,5
52,5
54,5
57,5
58
64,5
68,5
69,5
70
71
73,5
78,5
80,5
82,5
97,5
86
D1
11
12
13
14,5
16
17
18
19
21
22,5
24
25
26,5
28
30
30,5
32
33,5
34
36
36
37
38,5
41
42
45
48
50
T
7
8
10
10
11
12
12
14
14
15
17
18
19,5
20,5
21,5
23,5
23,5
24,5
25,5
25,5
27
25,5
27,5
28,5
28,5
28,5
35,5
30
L3
29
30,5
30
33
35
37
40
47
48
50
54
56
58
62
63
65
67
74
77
79
81
80
84
90
93
95
108
100
D2
5
5
6,5
7
7,5
7,5
8,5
9
10,5
11
13
13
13
14
14
15
16
18
18
19,5
22
20
21
22
23
24
25
25
1
44
47
76
78
123
125
161
186
226
236
340
360
411
445
495
487
590
640
713
703
876
867
1045
1140
1257
1434
2200
2235
176CB
176CS6
Trusa de chei tubulare pipa
material plin in cutie de carton 
Set de chei pipa in cutie de
carton
68.85
68.85
71.48
73.28
78.85
84.43
90.33
92.46
113.44
113.44
113.44
132.95
132.95
135.25
174.10
174.10
214.92
214.92
234.75
240.82
280.33
293.28
306.56
325.74
340.00
383.61
465.25
478.20
620582
8 - 24 / 11
3650
1381.64
 176 (8, 10, 11, 12, 13, 16, 17, 18, 19, 22, 24)
177CB
Trusa de chei tubulare pipa 
material plin in cutie de carton
609100
8 - 24 / 16
5230
2070.82
 177 (8, 9, 10, 11, 12, 13, 14, 15, 16, 17, 18, 19, 21, 22, 
23, 24)
177CS6
Set de chei pipa in cutie de carton
620583
8 - 19 / 6
1365
595.25
 177 (8, 10, 11, 13, 17, 19)
177CS11
Set de chei pipa in cutie de carton
609130
8 - 24 / 16
5230
2070.82
 176 (8, 9, 10, 11, 12, 13, 14, 15, 16, 17, 18, 19, 21, 
22, 23, 24)
609131
8 - 32 / 22
11800
4000.16
 176 (8, 9, 10, 11, 12, 13, 14, 15, 16, 17, 18, 19, 21, 22, 
23, 24, 26, 27, 28, 29, 30, 32)
620581
8 - 19 / 6
1365
595.25
620584
8 - 24 / 11
3650
1381.64
 176 (8, 10, 11, 13, 17, 19)
 177 (8, 10, 11, 12, 13, 16, 17, 18, 19, 22, 24)
