[SOURCE:CATALOG_UNIOR-TEPID_INDUSTRIAL_2025_rev5] [PAGE:971]
003 2729
27 x 29
003 2730
27 x 30
003 2732
27 x 32
003 3032
30 x 32
003 3236
32 x 36
003 3641
36 x 41
003 4146
41 x 46
003 4650
46 x 50
003 5060
50 x 60
L
330
330
350
350
415
415
415
430
430
650
850
850
850
1200
1300
1450
1450
1550
983.61
1127.87
1180.33
1377.05
1573.77
1836.07
1967.21
2098.36
2360.66
NOU
Chei inelare duble decupate
antiex Al-Bron 
• material: Al-Bron
• sculele antiex EGA Master sunt cea mai buna alternativa 
pentru aplicatii in medii potential explozive
• toate sculele sunt forjate dupa turnare pentru a obtine cea
mai înalta calitate de pe piata de scule cu un finisaj atractiv. 
15
30
35
50
65
85
95
120
125
170
220
300
360
360
410
480
550
650
700
900
224.16
287.45
335.20
550.85
670.65
815.32
862.34
935.21
1030.31
1425.74
2060.53
2270.15
2628.98
2862.97
3104.89
3624.26
4174.52
4622.26
5109.16
5732.55
77571
77573
77575
77577
77579
77581
77583
77585
77587
77589
77591
77593
77595
77597
77599
77601
77603
77605
77607
77609
6x7
8x10
9x11
10x12
12x14
14x15
14x17
16x18
17x19
19x22
22x24
24x27
24x30
25x28
27x30
30x32
30x34
30x36
34x36
36x41
L
95
115
125
140
145
155
165
170
185
200
220
255
270
265
280
295
310
330
345
365
047
Cheie fixa de soc
• material: MZW
METALMINOTTI
COOPER AND UNCONVENTIONAL COOPER ALLOYS
047 0024
047 0027
047 0030
24
27
30
L
160
160
180
METALMINOTTI
400
400
700
629.51
655.74
708.20
047 0032
047 0036
047 0041
047 0046
047 0050
047 0055
047 0060
047 0065
047 0070
047 0075
047 0080
047 0085
047 0090
047 0095
047 0100
047 0105
047 0110
047 0115
047 0120
047 0125
047 0130
047 0135
047 0140
047 0145
047 0150
32
36
41
46
50
55
60
65
70
75
80
85
90
95
100
105
110
115
120
125
130
135
140
145
150
L
180
180
240
240
280
280
280
340
340
340
410
410
410
430
430
430
500
550
550
550
600
600
600
650
650
700
700
1300
1300
2800
2800
2800
4800
4800
4800
6800
6800
6800
9500
9500
9500
17200
17200
17200
21000
21000
21000
29000
29000
29000
760.66
813.11
1075.41
1337.70
1704.92
1836.07
1967.21
3672.13
3934.43
4196.72
4852.46
5114.75
5442.62
7803.28
8262.30
8721.31
10491.80
11016.39
11540.98
13508.20
14163.93
14819.67
15344.26
16000.00
16655.74
NOU
Chei inelare indoite
antiex Al-Bron 
• material: Al-Bron
• sculele antiex EGA Master sunt cea mai buna alternativa 
pentru aplicatii in medii potential explozive
• toate sculele sunt forjate dupa turnare pentru a obtine cea
mai înalta calitate de pe piata de scule cu un finisaj atractiv. 
74138
74140
74142
74144
74146
74148
74150
74152
74154
74156
74158
74160
24
27
30
32
36
41
46
50
55
60
65
70
L
160
170
180
190
210
220
240
250
270
280
300
310
300
420
500
520
800
1000
1200
1500
1800
2200
2400
2800
1255.29
1707.16
1869.59
2059.21
2348.06
3368.95
3784.46
4461.97
5446.42
6277.20
7090.04
7939.32
048
Cheie inelara de soc antiex MZW
• material: MZW
METALMINOTTI
METALMINOTTI
COOPER AND UNCONVENTIONAL COOPER ALLOYS
048 0019
048 0022
048 0024
048 0027
048 0030
048 0032
048 0036
048 0041
048 0046
048 0050
048 0055
048 0060
048 0065
048 0070
048 0075
048 0080
048 0085
048 0090
048 0095
048 0100
048 0105
048 0110
048 0115
048 0120
048 0125
048 0130
048 0135
048 0140
048 0145
048 0150
048 0155
19
22
24
27
30
32
36
41
46
L
150
150
150
150
170
170
170
230
230
265
265
300
300
320
320
320
360
360
360
390
390
390
430
430
430
460
460
460
500
500
500
350
350
350
350
600
600
600
1300
1300
1800
1800
3300
3300
4700
4700
4700
6200
6200
6200
8200
8200
8200
10000
10000
10000
12500
12500
12500
15000
15000
15000
50
55
60
65
70
75
80
85
90
95
100
105
110
115
120
125
130
135
140
145
150
155
524.59
577.05
629.51
681.97
852.46
918.03
983.61
1049.18
1114.75
1770.49
2032.79
2622.95
2885.25
3147.54
3409.84
3672.13
4196.72
4459.02
4721.31
5245.90
5770.49
6295.08
6557.38
7213.11
7868.85
8786.89
11803.28
12590.16
13508.20
14819.67
16262.30
