[SOURCE:CATALOG_UNIOR-TEPID_INDUSTRIAL_2025_rev5] [PAGE:110]
08SDH 1/2”
08MM 1/2”
Cap cheie tubulara impact 1/2" 12 laturi, scurta
• patrat de antrenare 1/2” DIN 3121 - G 12,5
• dublu hexagon interior conform DIN 475/2
Cap cheie tubulara de impact cu magnet 1/2" 
6 laturi, scurta
• patrat de antrenare 1/2” DIN 3121 - forma G 12,5
• hexagon interior conform DIN 475/2
• cu magnet permanent puternic
Dimensiune         D1            D2 
MM/inch           mm           mm 
           L              t min          Greutate
       mm            mm                gr
08M8DH
08M9DH
08M10DH
08M11DH
08M12DH
08M13DH
08M14DH
08M15DH
08M16DH
08M17DH
08M18DH
0812M19DH
08M20DH
08M21DH
08M22DH
08M23DH
08M24DH
08M25DH
08M26DH
0817M27DH
08M28DH
08M29DH
0819M30DH
08M31DH
08M32DH
08M33DH
08M34DH
0822M35DH
08M36DH
08M37DH
0824M38DH
0811DH
0812M19DHinch
0813DH
0814DH
0815DH
0816DH
0817M27DHinch
0818DH
0819M30DHinch
0820DH
0821DH
0822M35DHinch
0823DH
0824M38DHinch
8
9
10
11
12
13
14
15
16
17
18
19
20
21
22
23
24
25
26
27
28
29
30
31
32
33
34
35
36
37
38
11/16"
3/4"
13/16"
7/8"
15/16"
1"
1 1/16"
1 1/8"
1 3/16"
1 1/4"
1 5/16"
1 3/8"
1 7/16"
1 1/2"
15
16
17
19
20
21
22
24
25
26
27.5
27.5
30
30
32
32
35
35
38
38
38
41
41
44
44
45
49
49
49
52
52
25
27.5
30
32
35
35
38
38
41
44
45
49
49
52
25
25
25
25
25
25
25
30
30
30
30
30
30
30
30
30
30
30
30
30
30
30
30
30
30
30
35
38
35
38
38
25
30
30
30
30
30
30
30
30
35
35
38
38
38
38
38
38
38
38
38
38
38
38
38
38
38
38
38
38
38
45
45
50
50
50
50
50
50
50
50
46
50
50
47
50
38
38
38
38
38
38
50
40
50
40
43
50
50
50
4
4
5
5
6
6
7
7
8
9
9
9.5
10
11
11
13
13
13
13
13
14
16.5
16.5
16.5
17
17
19
19
19
19
22
9
9.5
11
13
13
13
13
16.5
16.5
17
19
19
19
22
60
85
90
90
90
90
90
130
130
130
130
130
130
140
140
170
170
200
260
260
290
290
290
290
300
300
300
300
300
400
400
130
130
140
160
200
260
220
290
300
300
300
300
400
400
53.48
53.48
53.48
53.48
54.59
54.59
54.59
68.02
68.02
69.34
69.34
76.87
76.87
76.87
76.87
77.09
83.14
83.14
88.82
113.61
113.61
118.62
118.62
118.62
118.62
138.84
166.20
166.20
166.20
178.97
187.16
69.34
76.87
76.87
76.87
83.14
88.82
113.61
118.62
118.62
118.62
138.84
166.20
178.97
187.16
        Dimensiune             D1 
           mm 
        MM/inch 
       D2 
     mm 
   L              t min         Greutate
mm            mm               gr
PRET
08M10M
08M11M
08M12M
08M13M
08M14M
08M15M
08M16M
08M17M
08M18M
0812M19M
0806M
0807M
0808M
0809M
0810M
0811M
10
11
12
13
14
15
16
17
18
19
3/8"
7/16"
1/2"
9/16"
5/8"
11/16"
17
19
20
21
22.5
23.7
25
26
27.5
28.7
16
19
20
22
25
26
0812M19Minch
3/4"
28.7
720 M
25
25
25
25
25
30
30
30
30
30
25
25
25
25
25
26
30
38
38
38
38
38
38
38
38
38
38
38
38
38
38
38
38
38
5
5
6
6
7
7
8
9
9
9.5
4
6
6
7
8
9
90
80
90
90
90
130
130
130
130
130
80
80
90
90
90
90
9.5
130
72.59
72.59
72.59
72.59
72.59
80.11
80.11
80.11
80.11
80.11
72.59
72.59
72.59
72.59
80.11
80.11
80.11
Capete chei tubulare de impact 1/2" cu magnet
• material: crom molibden
• actionare: patrat 1/2”
• conform DIN 3121 - G 12,5
• deschidere: hexagon DIN / ISO 691 
1000072031
1000072032
1000072033
1000072034
1000072035
1000072036
1000072037
1000072038
1000072039
1000072040
1000072041
1000072042
10
11
12
13
14
15
16
17
18
19
3/8''
1/2''
D2
25
25
25
25
25
30
30
30
30
30
25
25
D1
17,5
18,7
20,0
21,0
22,5
23,7
25,0
26,5
27,5
29,0
17,4
21,0
L
38
38
38
38
38
38
38
38
38
38
38
38
T
4,0
5,0
5,0
5,0
6,0
6,0
6,0
6,0
7,0
7,0
4,0
5,0
79
82
84
91
91
136
136
143
142
152
85
86
 1C 
 1C 
 1C 
 1C 
 1C 
 1C 
 1C 
 1C 
 1C 
 1C 
 1C 
 1C 
5
5
5
5
5
5
5
5
5
5
5
5
98.43
98.43
98.43
98.43
98.43
103.43
103.43
104.40
104.40
104.40
98.43
98.43
