[SOURCE:CATALOG_UNIOR-TEPID_INDUSTRIAL_2025_rev5] [PAGE:434]
1040021
8040131
8040171
Alezor NFE 66019 similar DIN 206 
forma B, HSS
• material: HSS
• in conformitate cu NFE 66019 similar DIN 206 forma B
• toleranta: m5
• unghiul spirei: 10º
• pentru oteluri ne aliate, aliate si pentru tratament termic cu 
σr ≤ 700 N / mm²
Alezor de masina NFE 66014 echivalent 
DIN 212 forma B, HSS E5 (Co 5%)
• material: HSS-E5 (Co 5%)
• in conformitate cu NFE 66014 echivalent DIN 212 forma B
• toleranta: m5
• unghiul spirei: 10º
• pentru oteluri ne aliate, aliate si pentru tratament termic cu 
σr ≤ 1200 N / mm² si oteluri inoxidabile
Alezor de masina cu coada conica,
NFE 66015 similar DIN 208 forma B,
HSS E5 (Co 5%)
• material: HSS-E5 (Co 5%)
• in conformitate cu NFE 66015 similar DIN 208 forma B
• toleranta: m5
• unghiul spirei: 10º
• pentru oteluri ne aliate, aliate si pentru tratament termic cu 
σr ≤ 1200 N / mm² si oteluri inoxidabile
2
d
L
Ø
l1
l2
2
d
L
Ø
l1
l2
2
d
L
Ø
l1
l2
10400210200
10400210250
10400210300
10400210350
10400210400
10400210450
10400210500
10400210550
10400210600
10400210650
10400210700
10400210750
10400210800
10400210850
10400210900
10400210950
10400211000
10400211100
10400211200
10400211300
10400211400
10400211500
10400211600
10400211700
10400211800
10400211900
10400212000
10400212100
10400212200
10400212300
10400212400
10400212500
10400212600
10400212700
10400212800
10400212900
10400213000
10400213100
10400213200
Ø        d2 
2
2
2,5
2,5
3
3
3,5
3,5
4
4
4,5
4,5
5
5
5,5
5,5
6
6
6,5
6,5
7
7
7,5
7,5
8
8
8,5
8,5
9
9
9,5
9,5
10
10
11
11
12
12
13
13
14
14
15
15
16
16
17
17
18
18
19
19
20
20
21
21
22
22
23
23
24
24
25
25
26
26
27
27
28
28
29
29
30
30
31
31
32
32
    L          l2
25
29
31
35
38
41
44
47
47
50
54
54
58
58
62
62
60
71
76
76
81
81
87
87
93
96
100
100
107
107
115
115
115
124
124
124
124
133
133
50
58
62
70
76
82
87
93
93
100
107
107
115
115
124
124
133
142
152
152
163
163
175
175
188
188
201
201
215
215
231
231
231
247
247
247
247
265
265
256.59
249.99
249.99
249.99
259.40
259.40
259.40
259.40
259.40
283.50
297.67
297.67
302.03
302.03
315.11
315.11
342.14
353.27
382.88
411.74
441.40
488.97
519.55
566.89
609.57
661.50
708.89
921.70
952.40
1021.83
1187.42
1207.33
1310.66
1455.14
1468.97
1665.60
1683.16
1963.84
1963.84
             Ø       d2       L         l1       l2      Z
4
38
4
43
6
49
6
57
6
57
6
75
6
86
6
93
6
101
6
101
6
109
6
117
6
125
6
125
6
133
6
133
6
151
8
151
8
160
8
162
8
170
8
175
8
182
8
159
8
195
80401310100
80401310150
80401310200
80401310250
80401310300
80401310400
80401310500
80401310550
80401310600
80401310650
80401310700
80401310800
80401310900
80401310950
80401311000
80401311100
80401311200
80401311300
80401311400
80401311500
80401311600
80401311700
80401311800
80401311900
80401312000
15
26
31
38
38
50
59
65
71
71
78
84
88
88
97
97
110
110
114
115
120
123
132
140
150
1
1,5
2
2,5
3
4
5
5,5
6
6,5
7
8
9
9,5
10
11
12
13
14
15
16
17
18
19
20
1
1,5
2
2,5
3
4
5
5,5
6
6,5
7
8
9
9,5
10
11
12
13
14
15
16
17
18
19
20
12
18
19
20
20
24
26
27
28
28
31
33
36
36
38
38
44
44
47
50
52
54
56
58
60
270.48
261.30
229.68
220.44
188.71
188.71
212.18
212.18
212.18
212.18
265.77
259.40
351.55
351.55
342.94
378.29
378.29
427.69
427.69
504.63
504.63
578.07
578.07
679.34
679.34
             Ø        L          l1         l2      CM
80401710600
80401710700
80401710800
80401710900
80401711000
80401711100
80401711200
80401711300
80401711400
80401711500
80401711600
80401711700
80401711800
80401711900
80401712000
80401712100
80401712200
80401712300
80401712400
80401712500
80401712600
80401712700
80401712800
80401712900
80401713000
80401713200
80401713500
80401714000
80401714500
80401715000
6
7
8
9
10
11
12
13
14
15
16
17
18
19
20
21
22
23
24
25
26
27
28
29
30
32
35
40
45
50
138
150
156
162
168
175
182
182
189
204
210
214
219
223
228
232
237
241
268
268
273
277
277
281
281
317
321
329
336
344
72
84
90
96
102
109
116
116
123
124
130
134
139
143
148
152
157
161
169
169
174
178
178
181
182
193
197
205
212
220
28
31
33
36
38
41
44
44
47
50
52
54
56
58
60
62
64
66
68
68
70
71
71
73
73
77
78
81
83
83
CM1
CM1
CM1
CM1
CM1
CM1
CM1
CM1
CM1
CM2
CM2
CM2
CM2
CM2
CM2
CM2
CM2
CM2
CM2
CM3
CM3
CM3
CM3
CM3
CM3
CM4
CM4
CM4
CM4
CM4
360.73
367.84
380.07
387.52
404.91
422.47
440.14
480.53
480.53
552.48
585.59
621.05
670.51
725.19
772.70
833.52
888.14
962.56
1220.47
1220.47
1327.82
1465.30
1465.30
1665.66
1665.66
1788.56
2250.73
2775.44
3525.99
4475.93
