[SOURCE:CATALOG_UNIOR-TEPID_INDUSTRIAL_2025_rev5] [PAGE:129]
232/4 6p
Capete chei tubulare de impact 3/4"
•  material:crom molibden
•  forjata, calire si revenire totala
•  acoperire prin brunare dupa standardul DIN 12476
•  in conformitate cu standardul ISO 2725-2(numai dimensiunile in mm)
740 L
Capete chei tubulare lungi de impact 3/4"
• material: crom molibden
• actionare: patrat 3/4”
• conform DIN 3121 - H 20
• deschidere: hexagon DIN / ISO 691 
D1
D2
31
33
35
37
39
43
44
47
50
51
54
60
67
44
44
44
44
44
44
44
44
44
44
44
44
44
L
50
50
50
50
50
54
54
54
56
56
56
58
63
T
12
14
14
14
16
23
23
23
23
23
23
24
27
374
387
381
400
401
410
403
438
481
497
535
634
813
 1B 
 1B 
 1B 
 1B 
 1B 
 1B 
 1B 
 1B 
 1B 
 1B 
 1B 
 1B 
 1B 
603980
603981
603982
603983
603984
603985
609403
603986
603987
603988
603989
603990
603991
17
19
21
22
24
27
28
30
32
33
36
41
46
232/4L6p
Capete chei tubulare de impact lungi 3/4"
•  material:crom molibden
•  forjata, calire si revenire totala
•  acoperire prin brunare dupa standardul DIN 12476
607934
607935
607936
607937
607938
607939
609404
607940
607941
607942
607943
607944
607945
17
19
21
22
24
27
28
30
32
33
36
41
46
D1
D2
31
33
35
37
39
43
44
47
49
51
54
60
67
44
44
44
44
44
44
44
44
44
44
44
44
44
L
95
95
95
95
95
95
95
95
95
95
95
95
95
T
17
19
21
22
24
27
28
30
32
33
36
38
38
587
580
589
643
656
731
708
802
821
906
944
1078
1298
 1B 
 1B 
 1B 
 1B 
 1B 
 1B 
 1B 
 1B 
 1B 
 1B 
 1B 
 1B 
 1B 
5
5
5
5
5
5
5
5
5
5
5
1
1
5
5
5
5
5
5
5
5
5
5
5
1
1
116.23
116.23
119.34
119.34
119.34
119.51
119.51
119.51
120.33
125.08
128.03
159.51
204.59
176.07
176.07
176.07
176.07
176.07
176.07
176.07
176.07
176.07
183.93
201.64
232.46
289.02
D2
44
44
44
44
44
44
44
44
44
44
44
44
44
44
44
44
44
54
D1
27,0
31,0
32,0
33,0
35,0
37,0
39,0
43,0
47,0
49,0
51,0
52,0
54,0
57,0
58,0
60,0
67,0
71,0
L
95
95
95
95
95
95
95
95
95
95
95
95
95
95
95
95
95
95
16
17
18
19
21
22
24
27
30
32
33
34
36
38
39
41
46
50
T
20,0
20,0
20,0
23,0
23,0
23,0
51,0
62,0
62,0
62,0
62,0
62,0
62,0
60,0
60,0
60,0
58,0
58,0
525
607
544
571
578
626
634
710
773
828
887
810
975
946
1041
996
1197
1420
 1C 
 1C 
 1C 
 1C 
 1C 
 1C 
 1C 
 1C 
 1C 
 1C 
 1C 
 1C 
 1C 
 1C 
 1C 
 1C 
 1C 
 1C 
1
1
1
1
1
1
1
1
1
1
1
1
1
1
1
1
1
1
262.73
262.73
262.73
150.82
150.82
150.82
150.82
150.82
168.85
168.85
178.69
178.69
183.61
219.67
240.98
252.46
327.05
378.69
1000074040
1000074041
1000074042
1000074043
1000074045
1000074046
1000074048
1000074051
1000074054
1000074055
1000074056
1000074057
1000074059
1000074060
1000074061
1000074062
1000074063
1000074064
2509
Cap cheie tubulara de impact, patrat de antrenare 
de 3/4", lunga, cu profil subtiat, pentru roti TRILEX
3/4”
• extra lunga cu diamteru redus
SW 25090027
SW 25090030
SW 25090032
SW 25090033
27
30
32
33
d1
40.5
44.3
46.8
48
d2
44
44
44
44
L
100
100
100
100
t
72.5
72.5
72
72
672
728
778
803
2
2
2
2
560.61
594.59
624.33
649.76
