[SOURCE:CATALOG_UNIOR-TEPID_INDUSTRIAL_2025_rev5] [PAGE:405]
Index de strangere si prestrangere conform DIN 13
Coeficient µ al frictiunii totale = 0,1 (conform clasa de fabricatie DIN 267 / ISO 898/1)
SW in mm
SW in mm
A/F in mm
Größe
Dimen-
Size
siune
3 2,,3 2
3 2,,3 2
4 0,,4 0
4 0,,4 0
5 0,,5 0
5 0,,5 0
5 5,,5 5
5 5,,5 5
66
66
77
77
88 && 99 
88 si 99 
1100
1100
1  331  && 1  441  
1  331  si 1  441  
1  551  && 1  771  
1  551  si 1  771  
1  991  && 2  112  
1  991  si 2  112  
2  222  && 2  332  
2  222  si 2  332  
2  442  && 2  662  
2  442  si 2  662  
2277
2277
3300
3300
3322
3322
3366
3366
4411
4411
4466
4466
5500
5500
5555
5555
MM 1  66,,1
MM 1  66,,1
MM 22
MM 22
MM 2  55,,2
MM 2  55,,2
MM 33
MM 33
MM 3  55,,3
MM 3  55,,3
MM 44
MM 44
MM 55
MM 55
MM 66
MM 66
MM 88
MM 88
MM 1100
MM 1100
MM 1122
MM 1122
MM 1144
MM 1144
MM 1166
MM 1166
MM 1188
MM 1188
MM 2200
MM 2200
MM 2222
MM 2222
MM 2244
MM 2244
MM 2277
MM 2277
MM 3300
MM 3300
MM 3333
MM 3333
MM 3366
MM 3366
Güteklasse der Schrauben - Quality of the fasteners
Calitatea elementelor de fixare 
  ))DD44((  66,,33
  ))DD44((  66,,33
F FVV i  inn NN MM 
FVV inn NN MM 
AAi  inn NNmm
A i  inn NNmm
FF
FF
  ))DD55((  66,,55
  ))DD55((  66,,55
VV i  inn NN MM 
VV i  inn NN MM 
AAi  inn NNmm
A i inn NNmm
690 
690 
920 
920 
1.200 
1.200 
1.950 
1.950 
2.750 
2.750 
5.050 
5.050 
8.000 
8.000 
11.700 
11.700 
16.000 
16.000 
22.000 
22.000 
26.000 
26.000 
34.400 
34.400 
43.000
43.000
49.500
49.500
65.000 
65.000 
79.000 
79.000 
98.500 
98.500 
116.000 
116.000 
0,60 
0,60 
0,47 
0,47 
0,7 
0,7 
1,4 
1,4 
2,4 
2,4 
5,7 
5,7 
11,0 
11,0 
20,0 
20,0 
31,0 
31,0 
48,0 
48,0 
66,0 
66,0 
92,0 
92,0 
125,0
125,0
160,0
160,0
235,0 
235,0 
320,0 
320,0 
430,0 
430,0 
550,0 
550,0 
1.130 
1.130 
1.550 
1.550 
2.000 
2.000 
3.250 
3.250 
4.550 
4.550 
8.400 
8.400 
13.300 
13.300 
19.500 
19.500 
26.700 
26.700 
36.700 
36.700 
44.600 
44.600 
57.500 
57.500 
71.500
71.500
82.500
82.500
109.000
109.000
132.000
132.000
164.000
164.000
193.000
193.000
0,51 
0,51 
0,78 
0,78 
1,2 
1,2 
2,3 
2,3 
3,9 
3,9 
9,5 
9,5 
19,0 
19,0 
33,0 
33,0 
52,0 
52,0 
79,0 
79,0 
110,0 
110,0 
155,0
155,0
205,0
205,0
265,0
265,0
390,0
390,0
530,0
530,0
720,0
720,0
920,0 
920,0 
,66,9 6((  9 6GG))
,66,9 6((  9 6GG))
FFVV i  inn NN MMAAi  inn NNmm
FFVV i  inn NN MMA i  inn NNmm
0,125 
0,125 
0,26 
0,26 
0,52 
0,52 
0,81 
0,81 
1,2 
1,2 
1,9 
1,9 
3,6 
3,6 
6,3 
6,3 
15 
15 
30 
30 
52 
52 
83 
83 
125 
125 
175 
175 
245
245
330
330
425
425
630
630
850
850
1.150
1.150
1.500
1.500
475
475
790
790
1.320
1.320
1.850
1.850
2.450
2.450
3.150
3.150
5.200
5.200
7.300
7.300
13.400
13.400
21.400
21.400
31.100
31.100
42.700
42.700
58.500
58.500
71.500
71.500
91.500
91.500
115.000
115.000
132.000
132.000
174.000
174.000
211.000
211.000
263.000
263.000
309.000
309.000
)
)GG88((  88,,88
)GG88((  88,,88
)
FFVV i  inn NN MMAAi  inn NNmm
FFVV i  inn NN MMA i inn NNmm
0,150
0,150
0,315
0,315
0,645
0,645
1,1 
1,1 
1,7 
1,7 
2,4 
2,4 
4,9 
4,9 
8,0 
8,0 
20 
20 
40 
40 
69 
69 
110 
110 
170 
170 
235 
235 
330
330
445
445
570
570
840
840
1.150
1.150
1.550
1.550
1.950
1.950
587
587
975
975
1.624
1.624
2.450
2.450
3.250
3.250
4.200
4.200
6.900
6.900
9.750
9.750
17.900
17.900
28.400
28.400
41.500
41.500
56.500
56.500
78.500
78.500
95.000
95.000
122.000
122.000
152.000
152.000
176.000
176.000
232.000
232.000
282.000
282.000
351.000
351.000
412.000
412.000
  ))KK0011((  99,,0011
  ))KK0011((  99,,0011
FFVV i  inn NN MM 
FFVV i  inn NN MM 
862 
862 
1.432 
1.432 
2.385 
2.385 
3.450 
3.450 
4.600 
4.600 
5.900 
5.900 
9.7000 
9.7000 
13.700 
13.700 
25.100 
25.100 
40.000 
40.000 
58.500 
58.500 
80.000 
80.000 
110.000
110.000
134.000
134.000
172.000
172.000
214.000
214.000
248.000
248.000
326.000
326.000
397.000
397.000
493.000
493.000
579.000
579.000
AAi  inn NNmm
A i  inn NNmm
0,215 
0,215 
0,465 
0,465 
0,935 
0,935 
1,5 
1,5 
2,3 
2,3 
3,3 
3,3 
7,0 
7,0 
12 
12 
28 
28 
56 
56 
98 
98 
155 
155 
240
240
330
330
465
465
620
620
800
800
1.200
1.200
1.600
1.600
2.150
2.150
2.750
2.750
  ))KK2211((  99,,2211
  ))KK2211((  99,,2211
FF
FF
VV i  inn NN MMAAi  inn NNmm
VV i  inn NN MMA i  inn NNmm
0,255
1.009
0,255
1.009
0,545
1.676
0,545
1.676
1,095
2.791
1,095
2.791
1,8
4.100
1,8
4.100
2,8
5.500
2,8
5.500
4,0
7.100
4,0
7.100
8,0 
11.600
8,0 
11.600
14
16.400
14
16.400
34
30.200
34
30.200
67
48.000
67
48.000
115 
70.000
115 
70.000
185 
96.000
185 
96.000
285
132.000
285
132.000
395
160.000
395
160.000
560
206.000
560
206.000
750
257.000
750
257.000
960
298.000
960
298.000
1.400
391.000
1.400
391.000
1.950
476.000
1.950
476.000
2.600
592.000
2.600
592.000
3.300
695.000
3.300
695.000
Fv = Prestrangere 
MA = Cuplu de strangere 
Coeficient µ al frictiunii totale = 0,14 (conform clasa de fabricatie DIN 267 / ISO 898/1)
Calitatea elementelor de fixare 
Güteklasse der Schrauben - Quality of the fasteners
SW in mm
SW in mm
A/F in mm
Dimen-
Größe
siune
Size
3 2,,3 2
3 2,,3 2
4 0,,4 0
4 0,,4 0
5 0,,5 0
5 0,,5 0
5 5,,5 5
5 5,,5 5
66
66
77
77
88 si 99 
88 && 99 
1100
1100
1  331 si 1  441  
1  331  && 1  441  
1  551  si 1  771  
1  551  && 1  771  
1  991  si 2  112  
1  991  && 2  112  
2  222  si 2  332  
2  222  && 2  332  
2  442  si 2  662  
2  442  && 2  662  
2277
2277
3300
3300
3322
3322
3366
3366
4411
4411
4466
4466
5500
5500
5555
5555
MM 1  66,,1
MM 1  66,,1
MM 22
MM 22
MM 2  55,,2
MM 2  55,,2
MM 33
MM 33
MM 3  55,,3
MM 3  55,,3
MM 44
MM 44
MM 55
MM 55
MM 66
MM 66
MM 88
MM 88
MM 1100
MM 1100
MM 1122
MM 1122
MM 1144
MM 1144
MM 1166
MM 1166
MM 1188
MM 1188
MM 2200
MM 2200
MM 2222
MM 2222
MM 2244
MM 2244
MM 2277
MM 2277
MM 3300
MM 3300
MM 3333
MM 3333
MM 3366
MM 3366
Fv = Prestrangere
  ))DD44((  66,,33
  ))DD44((  66,,33
FVV inn NN MM 
F FVV i  inn NN MM 
A i  inn NNmm
AAi  inn NNmm
630 
630 
850 
850 
1.100 
1.100 
1.800 
1.800 
2.550 
2.550 
4.650 
4.650 
7.400 
7.400 
10.800 
10.800 
14.800 
14.800 
20.400 
20.400 
24.800 
24.800 
31.900 
31.900 
39.900 
39.900 
45.900 
45.900 
60.500 
60.500 
73.500 
73.500 
91.500 
91.500 
107.000
107.000
0,37 
0,37 
0,57 
0,57 
0,85 
0,85 
1,7 
1,7 
2,9 
2,9 
7,0 
7,0 
14 
14 
24 
24 
39 
39 
59 
59 
81 
81 
115 
115 
155 
155 
200 
200 
295 
295 
395 
395 
540 
540 
690
690
FF
FF
A i  inn NNmm
AAi  inn NNmm
  ))DD55((  66,,55
  ))DD55((  66,,55
VV i  inn NN MM 
VV i  inn NN MM 
,66,9 (  9 (6   ))GG6
,66,9 (  9 (6   ))GG6
FFVV i  inn NN MMA i  inn NNmm
FFVV i  inn NN MMAAi  inn NNmm
0,15 
0,15 
0,31 
0,31 
0,64 
0,64 
0,99 
0,99 
1,5 
1,5 
2,3 
2,3 
4,5 
4,5 
7,7 
7,7 
19 
19 
37 
37 
65 
65 
105 
105 
155 
155 
215 
215 
305 
305 
415
415
530
530
780
780
1.050
1.050
1.450
1.450
1.850
1.850
440 
440 
73 
73 
1.220 
1.220 
1.050 
0,62 
1.700 
1.050 
0,62 
1.700 
1.400 
0,95 
2.250 
1.400 
0,95 
2.250 
1.850 
1,4 
2.900 
1.850 
1,4 
2.900 
3.000 
2,8 
4.800 
3.000 
2,8 
4.800 
4.200 
4,8 
6.750 
4.200 
4,8 
6.750 
7.750 
12 
12.400 
7.750 
12 
12.400 
12.300 
23 
19.700 
12.300 
23 
19.700 
18.000 
40 
28.800 
18.000 
40 
28.800 
24.000 
64 
39.500 
24.000 
64 
39.500 
34.000 
98 
54.500 
34.000 
98 
54.500 
41.000 
135 
66.000 
41.000 
135 
66.000 
53.000 
190 
85.000 
53.000 
190 
85.000 
66.500 
260 
106.000
66.500 
260 
106.000
76.500 
330 
122.000
76.500 
330 
122.000
100.000
490
161.000
100.000
490
161.000
122.000
660
196.000
122.000
660
196.000
153.000
900
244.000
153.000
900
244.000
179.000
1.150
287.000
179.000
1.150
287.000
MA = Cuplu de strangere 
88,,88 G88((  G)  )
88,,88 G88((  G)  )
FFVV i  inn NN MMA i  inn NNmm
FFVV i  inn NN MMAAi  inn NNmm
0,18 
0,18 
0,38 
0,38 
0,78 
0,78 
1,3 
1,3 
2,0 
2,0 
2,9 
2,9 
6,0 
6,0 
10 
10 
25 
25 
49 
49 
86 
86 
135 
135 
210 
210 
290 
290 
410
410
550
550
710
710
1.050
1.050
1.450
1.450
1.900
1.900
2.450
2.450
538 
538 
895 
895 
1.494 
1.494 
2.250 
2.250 
3.000 
3.000 
3.900 
3.900 
6.350 
6.350 
9.000 
9.000 
16.500 
16.500 
26.200 
26.200 
38.300 
38.300 
52.500 
52.500 
73.000 
73.000 
88.000 
88.000 
114.000
114.000
141.000
141.000
164.000
164.000
215.000
215.000
262.000
262.000
326.000
326.000
382.000
382.000
  ))KK0011((  99,,0011
  ))KK0011((  99,,0011
  ))KK2211((  99,,2211
  ))KK2211((  99,,2211
FFVV i  inn NN MM 
FFVV i  inn NN MM 
790 
790 
1.315 
1.315 
2.194 
2.194 
3.150 
3.150 
4.250 
4.250 
5.450 
5.450 
8.950 
8.950 
12.600 
12.600 
23.200 
23.200 
36.900 
36.900 
54.000 
54.000 
74.000 
74.000 
102.000
102.000
124.000
124.000
160.000
160.000
199.000
199.000
230.000
230.000
302.000
302.000
368.000
368.000
458.000
458.000
537.000
537.000
A i  inn NNmm
AAi  inn NNmm
0,27 
0,27 
0,56 
0,56 
1,14 
1,14 
1,9 
1,9 
2,9 
2,9 
4,1 
4,1 
8,5 
8,5 
14 
14 
35 
35 
69 
69 
120 
120 
190 
190 
295
295
405
405
580
580
780
780
1.000
1.000
1.500
1.500
2.000
2.000
2.700
2.700
3.450
3.450
FF
FF
VV i  inn NN MMA i  inn NNmm
VV i  inn NN MMAAi  inn NNmm
0,31
0,31
0,65
0,65
1,34 
1,34 
2,2 
2,2 
3,4 
3,4 
4,9 
4,9 
10
10
17 
17 
41
41
83
83
145 
145 
230 
230 
355
355
485
485
690
690
930
930
1.2000
1.2000
1.800
1.800
2.400
2.400
3.250
3.250
4.150
4.150
925 
925 
1.539 
1.539 
2.567 
2.567 
3.800 
3.800 
5.100 
5.100 
6.550 
6.550 
10.700 
10.700 
15.100 
15.100 
27.900 
27.900 
44.300 
44.300 
64.500 
64.500 
88.500 
88.500 
123.000
123.000
148.000
148.000
192.000
192.000
239.000
239.000
276.000
276.000
363.000
363.000
442.000
442.000
550.000
550.000
645.000
645.000
