[SOURCE:CATALOG_UNIOR-TEPID_INDUSTRIAL_2025_rev5] [PAGE:142]
Dimensiune         D1            D2 
MM/inch           mm           mm 
           L              t min          Greutate
       mm            mm                gr
Dimensiune         D1            D2 
MM/inch           mm           mm 
           L              t min          Greutate
       mm            mm                gr
1639M62
1641M65
1642M67
1644M70
1646M73
1647M75
1648M76
16M77
16M80
16M85
1654M86
16M90
1660M95
1663M100
1666M105
1669M110
16M115
1612M19 inch
1613
1614
1615
1616
1617M27 inch
1618
1619M30 inch
1620
1621
1622M35 inch
1623
1624M38 inch
1625
1626M41 inch
1627M43 inch
1628
1629M46 inch
1630
62
65
67
70
73
75
76
77
80
85
86
90
95
100
105
110
115
3/4"
13/16"
7/8"
15/16"
1"
1 1/16"
1 1/8"
1 3/16"
1 1/4"
1 5/16"
1 3/8"
1 7/16"
1 1/2"
1 9/16"
1 5/8"
1 11/16"
1 3/4"
1 13/16"
1 7/8"
1631M49 inch
1 15/16"
1632M51 inch
1633
1634M54 inch
1635
1636M57 inch
1637M59 inch
1638
1639M62 inch
1640
1641M65 inch
1642M67
1643
1644M70 inch
1645
1646M73 inch
2"
2 1/16"
2 1/8"
2 3/16"
2 1/4"
2 5/16"
2 3/8"
2 7/16"
2 1/2"
2 9/16"
2 5/8"
2 11/16"
2 3/4"
2 13/16"
2 7/8"
1647M75 inch
2 15/16"
1648M76 inch
1649
1650
1651
1652
1653
1654M86 inch
1655
3"
3 1/16"
3 1/8"
3 3/16"
3 1/4"
3 5/16"
3 3/8"
3 7/16"
92
92
92
96
100
100
105
105
105
115
115
127
135
135
145
150
155
36
38
40
41
43
46
48
50
51
54
54
54
60
60
63
67
70
70
70
73
73
78
82
82
82
86
86
92
92
92
92
96
96
100
100
100
105
105
105
109
109
109
115
121
54
54
54
54
86
86
86
86
86
86
86
86
86
86
127
127
127
54
54
54
54
54
54
54
54
54
54
54
54
54
54
54
54
54
54
54
54
54
54
54
54
54
54
54
54
54
54
54
54
54
86
86
86
86
86
86
86
86
86
86
86
85
85
88
88
92
92
97
97
97
100
104
104
106
112
112
122
122
55
55
55
55
55
55
57
57
57
60
60
60
64
64
64
69
69
69
72
72
72
76
76
80
80
82
85
85
85
85
88
88
88
92
92
92
97
97
97
100
100
100
104
104
35
35
38
38
41
41
44
44
44
47
49
49
49
54
54
62
67
9.5
11
13
13
13
13
16.5
16.5
17
19
19
19
22
22
22
25
25.5
25.5
27
27
27
30
30
32
33
33
35
35
35
35
38
38
38
40
41
41
44
44
44
47
47
47
49
49
1800
1800
1800
1800
2700
2700
3200
3200
557.06
646.07
681.84
726.48
841.25
930.45
930.45
994.06
3200
1082.12
3500
1268.06
3500
1268.06
4400
1297.32
5200
1491.09
5200
1644.00
7700
1817.38
8200
2133.48
9060
2451.93
600
600
600
600
600
600
630
630
630
650
650
650
760
760
800
950
1000
1000
1000
1080
1080
1240
1400
1400
1400
1500
1500
1800
1800
1800
1800
1800
1800
2700
2700
2700
3200
3200
3200
165.36
165.36
165.36
165.36
172.54
172.54
172.54
172.54
172.54
172.54
191.98
191.98
191.98
191.98
227.28
247.38
255.03
260.50
277.49
298.63
319.68
363.76
385.66
406.42
416.90
420.77
503.45
557.06
606.61
646.07
681.84
726.48
726.48
726.48
841.25
930.45
930.45
994.06
994.06
3200
1210.77
3200
1210.77
3200
1268.06
3500
1268.06
4120
1268.06
1656
1657
1658
1659
1660M95 inch
1661
1662
3 1/2"
3 9/16"
3 5/8"
3 11/16"
3 3/4"
3 13/16"
3 7/8"
1663M100 inch
3 15/16"
4"
4 1/16"
4 1/8"
4 3/16"
4 1/4"
4 5/16"
4 3/8"
4 7/16"
4 1/2"
1664
1665
1666M105 inch
1667
1668
1669M110 inch
1670
1671
1672
16L 1”
121
127
130
130
135
135
135
135
140
140
145
145
145
150
150
155
155
86
86
86
86
86
86
86
86
127
127
127
127
127
127
127
127
127
104
104
104
104
106
112
112
112
112
112
112
122
122
122
122
122
122
49
49
49
49
49
54
54
54
54
54
54
62
62
62
62
62
62
4120
4400
4700
4700
5200
5200
5200
5200
5500
5500
7700
8100
8100
8200
8200
9060
9060
1268.06
1491.09
1491.09
1491.09
1491.09
1644.00
1644.00
1644.00
1817.38
1817.38
1817.38
2133.48
2133.48
2133.48
2451.93
2451.93
2451.93
Cap cheie tubulara de impact 1" 6 laturi, lung
• patrat de antrenare 1” DIN 3121 - forma H 25
• hexagon interior conform DIN 475/2
Dimensiune         D1            D2 
MM/inch           mm           mm 
           L              t min          Greutate
       mm            mm                gr
19
20
21
22
23
24
25
26
27
28
29
30
31
32
33
34
35
36
37
38
39
40
41
42
43
36
37
38
40
41
42
43
45
46
47
48
50
51
51
54
54
54
54
54
60
60
63
63
63
67
54
54
54
54
54
54
54
54
54
54
54
54
54
54
54
54
54
54
54
54
54
63
54
54
54
100
100
100
100
100
100
100
100
100
100
100
100
100
100
100
100
100
100
100
100
100
100
100
100
100
9.5
10
11
11
13
13
13
13
13
14
16.5
16.5
17
17
17
19
19
19
19
22
22
22
22
22
25
1200
1200
1200
1200
1200
1200
1200
1200
1200
1200
1200
1200
1200
1200
1200
1200
1200
1200
1200
1300
1300
1400
1400
1400
1500
254.96
254.96
254.96
254.96
254.96
254.96
254.96
254.96
268.36
268.36
268.36
270.06
270.06
270.06
281.57
294.31
294.31
294.31
330.83
330.83
354.04
353.00
353.00
359.42
359.42
1612M19L
16M20L
16M21L
16M22L
16M23L
16M24L
16M25L
16M26L
1617M27L
16M28L
16M29L
1619M30L
16M31L
16M32L
16M33L
16M34L
1622M35L
16M36L
16M37L
1624M38L
16M39L
16M40L
1626M41L
16M42L
1627M43L
