[SOURCE:CATALOG_UNIOR-TEPID_INDUSTRIAL_2025_rev5] [PAGE:144]
Capete chei tubulare de impact scurte 1"
Capete chei tubulare de impact lungi 1”
NOU
NOU
19
21
22
24
26
27
28
29
30
32
33
34
35
36
38
41
42
46
50
52
54
55
56
58
60
65
70
75
80
85
90
95
L
19
21
22
24
26
27
28
29
30
32
33
34
35
36
38
41
42
46
50
52
54
55
56
58
60
65
70
75
80
85
90
95
100
100
60907
60908
60909
60910
60911
60912
60913
60914
60915
60916
60917
60918
60919
60920
60921
60922
60923
60924
60925
60926
60927
60928
60929
60930
60931
60932
60933
60934
60935
60936
60937
60938
60939
19
22
23
24
27
30
32
33
34
36
38
39
41
46
50
52
55
60
65
70
75
80
60940
60941
60942
60943
60944
60945
60946
60947
60948
60949
60950
60951
60952
60953
60954
60955
60956
60957
60958
60959
60960
60961
2609
L
90
90
90
90
90
90
90
90
90
90
90
90
90
100
100
100
108
108
120
125
120
125
219.24
224.23
224.23
224.23
226.64
226.64
226.64
226.87
226.87
226.87
256.76
270.93
279.20
315.80
354.13
371.29
394.18
512.20
589.72
944.54
1151.79
1342.51
Cap cheie tubulara de impact, patrat de antrenare 
de 1", lunga, cu profil subtiat, pentru roti  
1”
• extra lunga cu diamteru redus
129.67
129.67
129.67
129.67
129.67
130.19
130.19
133.11
133.11
133.11
133.11
136.04
138.45
138.45
142.70
152.28
152.28
175.86
221.07
227.44
263.53
276.79
285.11
286.20
312.82
481.16
649.34
796.91
826.46
1062.68
1321.85
1416.64
1730.66
SW 26090027
SW 26090030
SW 26090032
SW 26090033
27
30
32
33
d1
42.3
46
48.5
49.8
d2
54
54
54
54
L
110
110
110
110
t
80
79.5
79
78.5
1001
1047
1015
1102
2
2
2
2
675.26
743.29
785.75
785.75
