[SOURCE:CATALOG_UNIOR-TEPID_INDUSTRIAL_2025_rev5] [PAGE:66]
L
25
25
25
25
25
25
25
25
25
25
25
25
25
25
25
25
25
25
25
25
25
25
D1
8
8.6
9.2
11
12
13
14.5
16
17
18
19.5
8
8.8
9.3
10.5
10.5
10.5
10.5
10.5
10.5
10.5
10.5
D2
12
12
12
12
12
13
14.5
15.5
17
18
19.5
11.9
11.9
11.9
11.9
11.9
13.1
14.6
14.6
15.9
17.9
19.7
T
5
5.5
6
6
7.5
7.5
9
10.5
10.5
10.5
13
5
5
5
5
5
5
8
8
8
10
10
15
15
15
15
15
15
39
39
39
39
39
15
15
15
15
15
15
39
39
39
39
39
 4B 
 4B 
 4B 
 4B 
 4B 
 4B 
 4B 
 4B 
 4B 
 4B 
 4B 
 4B 
 4B 
 4B 
 4B 
 4B 
 4B 
 4B 
 4B 
 4B 
 4B 
 4B 
10
10
10
10
10
10
10
10
10
10
10
10
10
10
10
10
10
10
10
10
10
10
600817
600818
600819
600820
600821
600822
600823
600824
603130
600825
603131
5
5.5
6
7
8
9
10
11
12
13
14
618683 3/16"
618684 7/32"
618685
1/4"
618686 9/32"
618687 5/16"
618688 11/32"
618689
3/8"
618690 13/32"
618691 7/16"
618692
1/2"
618693 9/16"
188/2 12p
Capete chei tubulare 1/4", cu 12 laturi
•  material: crom vanadiu
•  forjata, calire si revenire totala
•  acoperire cromare conform EN12540
•  executie in concordanta cu standardul ISO 2725-1 (numai pentru dimensiunea in mm) 
616857
616858
616859
616860
616861
616862
616863
616864
616865
616866
616867
616868
616869
4
4.5
5
5.5
6
7
8
9
10
11
12
13
14
616870 3/16"
616871 7/32"
616872
1/4"
616873 9/32"
616874 5/16"
616875 11/32"
616876
3/8"
616877 13/32"
616878 7/16"
616879
1/2"
616880 9/16"
L
25
25
25
25
25
25
25
25
25
25
25
25
25
25
25
25
25
25
25
25
25
25
25
25
D1
6.8
7.1
8
8.3
9.3
10.5
10.5
10.5
10.5
10.5
10.5
10.5
10.5
8
8.3
9.3
10.5
10.5
10.5
10.5
10.5
10.5
10.5
10.5
D2
11.9
11.9
11.9
11.9
11.9
11.9
11.9
13.1
14.5
15.8
16.8
17.8
19.6
11.9
11.9
11.9
11.9
11.9
12.9
13.9
14
15.8
17.8
19.6
T
5
5
5
5
5
5
5
8
8
8
8
10
10
5
5
5
5
5
5
8
8
8
10
10
15
15
15
15
15
15
15
15
39
39
39
39
39
15
15
15
15
15
15
39
39
39
39
39
 4B 
 4B 
 4B 
 4B 
 4B 
 4B 
 4B 
 4B 
 4B 
 4B 
 4B 
 4B 
 4B 
 4B 
 4B 
 4B 
 4B 
 4B 
 4B 
 4B 
 4B 
 4B 
 4B 
 4B 
10
10
10
10
10
10
10
10
10
10
10
10
10
10
10
10
10
10
10
10
10
10
10
10
9.67
9.67
9.67
9.67
10.00
10.00
10.82
10.98
11.31
11.64
11.64
9.67
9.67
9.67
9.67
10.49
10.98
10.98
10.98
10.98
13.44
13.44
9.67
9.67
9.67
9.67
9.67
9.67
10.00
10.00
10.82
10.98
11.31
11.64
11.64
9.67
9.67
9.67
9.67
10.49
10.98
10.98
10.98
10.98
13.44
13.44
188/2L6p
Capete chei tubulare 1/4", varianta lunga
•  material: crom vanadiu
•  forjata, calire si revenire totala
•  acoperire cromare conform EN12540
•  executie in concordanta cu standardul ISO 2725-1 (numai pentru dimensiunea in mm) 
L
50
50
50
50
50
50
50
50
50
50
50
50
50
50
D1
6
6.8
7.1
8
8.3
9.3
10.5
10.5
10.5
10.5
10.5
10.5
10.5
10.5
D2
12
11.9
11.9
11.9
11.9
11.9
11.9
11.9
13.1
14.5
15.8
16.8
17.8
19.6
T
8
5
5
5
5
8
8
8
11
11
11
13
13
16
20
20
20
20
20
20
71
71
71
71
71
71
71
71
 4B 
 4B 
 4B 
 4B 
 4B 
 4B 
 4B 
 4B 
 4B 
 4B 
 4B 
 4B 
 4B 
 4B 
10
10
10
10
10
10
10
10
10
10
10
10
10
10
16.89
12.46
12.46
12.46
12.46
12.46
12.46
12.46
13.77
14.75
16.39
16.39
18.85
20.98
3.2
4
4.5
5
5.5
6
7
8
9
10
11
12
13
14
618697
616881
616882
616883
616884
616885
616886
616887
616888
616889
616890
616891
616892
616893
189/2
Capete chei tubulare cu profil TX interior 1/4"
•  material: crom vanadiu
•  forjata, calire si revenire totala
•  acoperire cromare conform EN12540
607911
607912
607913
607914
607915
607916
607917
E 4
E 5
E 6
E 7
E 8
E 10
E 11
L
25
25
25
25
25
25
25
D2
12
12
12
12
12
12
12
D1
5.4
6.7
7.7
8.3
10.1
11.3
12.9
15
15
15
15
15
15
15
 4B 
 4B 
 4B 
 4B 
 4B 
 4B 
 4B 
10
10
10
10
10
10
10
17.87
17.87
18.20
18.20
18.36
18.36
18.69
