[SOURCE:CATALOG_UNIOR-TEPID_INDUSTRIAL_2025_rev5] [PAGE:981]
423
Antrenor cu clichet
• material: MZW
METALMINOTTI
COOPER AND UNCONVENTIONAL COOPER ALLOYS
423 0012
423 0034
1/2”
3/4”
L
250
420
650
1950
1954.10
3383.61
042
Capete chei tubulare hexagonale 
1/2"
• material: MZW
L
042 7812
3/4"
042 7912
25/32"
042 8012
13/16"
042 8112
7/8"
042 8212
15/16"
042 8312
1"
042 8412
1.1/16"
042 8512
042 8612
042 8712
1.1/8"
1.1/4"
1.1/2"
Cap cheie tubulara lunga 1/2”
6 laturi antiex Al-Bron
• material: Al-Bron
METALMINOTTI
COOPER AND UNCONVENTIONAL COOPER ALLOYS
L
042 0812
042 0912
042 1012
042 1112
042 1212
042 1312
042 1412
042 1512
042 1612
042 1712
042 1812
042 1912
042 2012
042 2112
042 2212
042 2312
042 2412
042 2512
042 2612
042 2712
042 2812
042 2912
042 3012
042 3212
8
9
10
11
12
13
14
15
16
17
18
19
20
21
22
23
24
25
26
27
28
29
30
32
120
130
120
120
120
120
120
120
120
170
180
180
180
180
180
180
180
190
190
200
200
200
220
320
222.95
222.95
236.07
249.18
262.30
288.52
314.75
340.98
354.10
367.21
393.44
419.67
445.90
472.13
498.36
524.59
550.82
590.16
629.51
668.85
708.20
747.54
786.89
852.46
L
82
82
82
82
82
82
82
82
82
82
82
82
82
82
82
82
82
82
82
82
82
82
82
82
82
82
82
82
82
6
7
8
9
10
11
12
13
14
15
16
17
18
19
20
21
22
23
24
25
26
27
28
29
30
32
34
36
41
35001
35003
35005
35007
35009
35011
35013
74285
35015
35017
74295
74287
35019
74289
35021
35023
35025
35027
74291
35029
35031
74293
35033
35035
35037
35039
35041
35043
36451
71956 (cid:29)
190
190
190
190
190
190
190
190
190
190
190
190
195
200
230
240
260
280
300
320
340
360
390
410
430
500
550
650
980
231.47
251.61
251.61
251.61
261.69
332.12
372.39
372.39
432.77
473.03
NOU
913.07
919.18
1012.87
1072.78
1089.38
1116.40
1153.75
1201.26
1248.52
1315.85
1372.28
1407.40
1452.76
1517.70
1582.23
1595.20
1607.76
1697.65
1729.30
1850.09
1987.91
2105.98
2222.97
2347.65
2471.17
2718.46
2903.95
3076.47
3690.44
35045
35047
35049
35051
35053
1/4”
5/16”
3/8”
7/16”
1/2”
EGA-35055
9/16”
35057
35059
35061
35063
35065
35067
35069
35071
35073
19/32”
5/8”
11/16”
3/4”
25/32”
13/16”
7/8”
15/16”
1”
35075
1.1/16”
35077
1.1/8”
35079
1.3/16”
35081
1.1/4”
35083
1.7/16”
36445
1.1/2”
L
82
82
82
82
82
82
82
82
82
82
82
82
82
82
82
82
82
82
82
82
82
190
190
190
190
190
190
190
190
190
200
230
240
260
300
320
360
410
430
500
650
800
Cap cheie tubulara lunga 1/2”
12 laturi antiex Al-Bron
• material: Al-Bron
1018.82
1018.82
1084.10
1237.94
1356.01
1538.52
1610.82
1632.79
1711.62
1788.62
1826.96
1870.42
1952.13
1963.04
1962.87
2110.02
2738.29
2725.40
2712.84
3321.19
3528.00
NOU
L
82
82
82
82
82
82
82
82
82
82
82
82
82
82
82
82
82
82
82
82
82
6
7
8
9
10
11
12
13
14
15
16
17
18
19
20
21
22
23
24
25
26
35085
35087
35089
35091
35093
35095
35097
35099
35101
35103
35105
35107
35109
35111
35113
35115
35117
35119
35121
35123
35125
190
190
190
190
190
190
190
190
190
190
190
190
195
200
230
240
260
280
300
320
340
913.07
919.18
1012.87
1072.78
1089.38
1116.40
1153.75
1201.26
1248.52
1315.85
1372.28
1407.40
1452.76
1517.70
1582.23
1595.20
1607.76
1697.65
1729.30
1850.09
1987.91
