[SOURCE:CATALOG_UNIOR-TEPID_INDUSTRIAL_2025_rev5] [PAGE:1005]
090
Ac de trasat
• material: CuBe
Levier
• material: Al-Bron
NOU
Dalta cu varf lat
• material: MZW
METALMINOTTI
COOPER AND UNCONVENTIONAL COOPER ALLOYS
090 1900
089
mm
190
L
390
71570
50
459.02
EGA-71571
EGA-71572
L
500
800
1000
1300
2900
4500
19
23
28
Dorn unghiular
• material: MZW
Levier
• material: Al-Bron
1902.72
3933.18
5631.25
NOU
1858.19
2898.58
3262.12
4979.02
7362.53
5978.84
8675.24
5766.75
7998.81
11281.09
12240.26
10028.61
11835.66
14067.47
12078.40
17552.58
21784.28
1442.62
1770.49
2360.66
3934.43
NOU
METALMINOTTI
COOPER AND UNCONVENTIONAL COOPER ALLOYS
024 0150
024 0175
024 0200
024 0250
024 0300
024 0350
024 0400
024 045
14
17
17
17
19
22
24
2
Dalta cu varf lat
• material: Al-Bron
76067
71509
71510
36029
79832
71511
72622
71512
79830
71513
79831
14
22
22
23
20
24
24
25
13
27
26
L
150
175
200
250
300
350
400
450
L
160
150
200
220
225
250
300
300
305
400
460
180
330
330
580
700
1000
1400
153
393.44
459.02
524.59
655.74
786.89
918.03
1049.18
1180.33
160
240
310
430
300
500
600
700
210
1100
1200
489.05
536.31
689.74
974.37
974.37
932.23
1129.13
1129.13
736.91
1478.54
2472.66
Dalta cilindrica cu varf lat
• material: Al-Bron
73789
73791
73793
73795
73797
73799
73801
73803
73805
73807
73809
14
16
18
18
20
24
24
25
25
25
30
L
160
160
160
200
200
250
300
300
400
500
500
175
230
280
370
470
800
1000
1250
1400
1800
2650
686.93
747.49
878.70
1100.70
1333.20
2282.54
2847.85
3615.42
4160.89
5221.44
7473.74
700
1000
1200
1800
2700
2200
3300
2100
3000
4500
4500
3800
4500
5500
4500
6500
8500
900
1500
2700
3400
L
500
500
500
500
500
600
600
800
800
800
850
1000
1000
1000
1200
1200
1500
L
450
600
750
900
L
460
600
750
900
73834
73836
73838
73840
73842
73844
73846
73848
73850
73852
73854
73856
73858
73860
73862
73864
73866
15
19
20
25
30
25
30
23
25
30
30
25
28
30
25
30
30
079
Ranga
• material: MZW
METALMINOTTI
COOPER AND UNCONVENTIONAL COOPER ALLOYS
079 0450
079 0600
079 0750
079 0900
17
17
22
22
Ranga
• material: Al-Bron
089 0300
089 0450
mm
300
450
L
300
450
600
1000
METALMINOTTI
COOPER AND UNCONVENTIONAL COOPER ALLOYS
839.34
1901.64
NOU
Ac de trasat
• material: Al-Bron
Ø
12
16
L
400
600
500
1000
1625.85
2858.09
74218
74220
080
Levier
• material: MZW
800
1400
2500
3600
852.46
1114.75
1967.21
2885.25
METALMINOTTI
COOPER AND UNCONVENTIONAL COOPER ALLOYS
080 0450
080 0600
080 0750
080 0900
17
17
22
22
039
Levier
• material: MZW
METALMINOTTI
COOPER AND UNCONVENTIONAL COOPER ALLOYS
039 0650
039 0800
039 1000
039 1250
039 1500
650
800
1000
1250
1500
L
450
600
750
900
L
650
800
1000
1250
1500
2000
2900
4300
7000
9000
2754.10
3672.13
4786.89
7344.26
9442.62
71577
EGA-71578
EGA-71579
71580
16
19
19
19
1300
2400
3000
3300
1436.57
1978.98
2660.13
3532.87
