[SOURCE:CATALOG_UNIOR-TEPID_INDUSTRIAL_2025_rev5] [PAGE:426]
1350
1140331
Ø
d2
L
Lu
Amb
Burghie cilindrice lungi pentru metal
DIN 340, tip N, 118°, HSS-G, rectificate
• burghie cilindrice lungi, pentru metal, conform DIN 340, tip N,
118°, HSS-G
• tratate termic, rectificate
• taiere pe dreapta
• unghiul spirei 20-30°, toleranta diametrului h8 
• ascutire suplimentara pe fata de asezare si micsorarea 
taisului transversal, conform DIN 1412 C, pentru o aschiere 
mai usoara, micsorarea fortei de aschiere si o gaurire mai rapida 
• destinate pentru gaurire in oteluri ne aliate si aliate, cu 
σr ≤ 800 N / mm², oteluri pentru tratament termic cu 
σr≤1100 N/mm², gaurire in materiale neferoase (aliaje de 
aluminiu, cupru si bronzuri) si in mase plastice
• se pot folosi pe masini de gaurit, utilaje stationare si fixe si 
numai ocazional pe masini de gaurit portabile, electrice sau 
pneumatice
Burghie cilindrice lungi pentru metal
DIN 340, tip N, 118°, HSS-G, rectificate
• burghie cilindrice lungi, pentru metal, conform DIN 340, tip N,
118°, HSS-G
• material HSS-G, rectificate, tratate, tratament de suprafata 
in aburi 
• taiere pe dreapta
• unghi de ascutire 118°
• unghiul spirei 20-30°, toleranta diametrului h8 
• destinate pentru gaurire in oteluri ne aliate si slab aliate si 
oteluri inoxidabile austenitice, cu σr≤950 N/mm², gaurire in fonte 
• se pot folosi pe masini de gaurit, utilaje stationare si fixe si 
numai ocazional pe masini de gaurit portabile, electrice sau 
pneumatice
2
d
L
l1
Ø
2
d
L
l1
Ø
DIN
340
HSS
G
Typ
N
800
N/mm²
10xd
C
2
1
4
1
N
I
D
118°
SPLIT POINT
Ø
d2
L
Lu
Amb
13500100100
13500100150
13500100200
13500100250
13500100280
13500100300
13500100310
13500100320
13500100330
13500100350
13500100360
13500100370
13500100380
13500100390
13500100400
13500100410
13500100420
13500100430
13500100440
13500100450
13500100480
13500100490
13500100500
13500100510
13500100520
13500100530
13500100540
13500100550
13500100580
13500100600
13500100620
13500100650
13500100680
13500100700
13500100750
13500100800
13500100850
13500100900
13500100950
13500101000
13500101020
13500101050
13500101100
13500101150
13500101200
13500101250
13500101300
13500201400
13500201600
1,00
1,50
2,00
2,50
2,80
3,00
3,10
3,20
3,30
3,50
3,60
3,70
3,80
3,90
4,00
4,10
4,20
4,30
4,40
4,50
4,80
4,90
5,00
5,10
5,20
5,30
5,40
5,50
5,80
6,00
6,20
6,50
6,80
7,00
7,50
8,00
8,50
9,00
9,50
10,00
10,20
10,50
11,00
11,50
12,00
12,50
13,00
14,00
16,00
56
70
85
95
100
100
106
106
106
112
112
112
119
119
119
119
119
126
126
126
132
132
132
132
132
132
139
139
139
139
148
148
156
156
156
165
165
175
175
184
184
184
195
195
205
205
205
214
227
33
45
56
62
66
66
69
69
69
73
73
73
78
78
78
78
78
82
82
82
87
87
87
87
87
87
91
91
91
91
97
97
102
102
102
109
109
115
115
121
121
121
128
128
134
134
134
140
149
10
10
10
10
10
10
10
10
10
10
10
10
10
10
10
10
10
10
10
10
10
10
10
10
10
10
10
10
10
10
10
10
10
10
10
10
10
10
10
10
5
5
5
5
5
5
5
1
1
3.77
3.77
3.77
3.93
6.39
5.57
6.39
6.39
6.39
6.39
8.69
8.69
8.85
8.85
7.70
9.84
9.84
11.64
11.48
9.34
11.31
13.61
11.31
15.90
15.90
15.90
15.90
13.44
17.54
15.25
20.16
16.39
20.00
18.85
20.98
24.26
26.72
27.54
32.46
37.21
39.67
39.67
42.95
46.72
53.28
58.69
61.31
98.52
168.52
11403310100
11403310110
11403310120
11403310130
11403310140
11403310150
11403310160
11403310170
11403310180
11403310190
11403310200
11403310210
11403310220
11403310230
11403310240
11403310250
11403310260
11403310270
11403310280
11403310290
11403310300
11403310310
11403310320
11403310325
11403310330
11403310340
11403310350
11403310360
11403310370
11403310375
11403310380
11403310390
11403310400
11403310410
11403310420
11403310425
11403310430
11403310440
11403310450
11403310460
11403310470
11403310480
11403310490
11403310500
11403310510
11403310520
11403310525
11403310530
11403310540
11403310550
Ø
1,0
1,1
1,2
1,3
1,4
1,5
1,6
1,7
1,8
1,9
2,0
2,1
2,2
2,3
2,4
2,5
2,6
2,7
2,8
2,9
3,0
3,1
3,2
3,25
3,3
3,4
3,5
3,6
3,7
3,75
3,8
3,9
4,0
4,1
4,2
4,25
4,3
4,4
4,5
4,6
4,7
4,8
4,9
5,0
5,1
5,2
5,25
5,3
5,4
5,5
d2
L
Lu
Amb
1,0
1,1
1,2
1,3
1,4
1,5
1,6
1,7
1,8
1,9
2,0
2,1
2,2
2,3
2,4
2,5
2,6
2,7
2,8
2,9
3,0
3,1
3,2
3,25
3,3
3,4
3,5
3,6
3,7
3,75
3,8
3,9
4,0
4,1
4,2
4,25
4,3
4,4
4,5
4,6
4,7
4,8
4,9
5,0
5,1
5,2
5,25
5,3
5,4
5,5
56
60
65
65
70
70
76
76
80
80
85
85
90
90
95
95
95
100
100
100
100
106
106
106
106
112
112
112
112
112
119
119
119
119
119
119
119
126
126
126
126
126
132
132
132
132
132
132
139
139
33
37
41
41
45
45
50
50
53
53
56
56
59
59
62
62
62
66
66
66
60
69
69
69
69
73
73
73
73
73
78
78
78
78
78
78
78
82
82
82
82
82
87
87
87
87
87
87
91
91
39.76
37.75
36.26
33.22
36.55
28.40
31.27
45.96
27.66
47.39
20.43
22.38
30.52
21.92
26.45
22.38
34.71
24.67
24.67
34.25
20.77
24.61
22.95
23.30
23.30
25.76
23.75
28.57
26.57
39.76
29.55
36.15
26.22
29.20
29.84
49.17
31.56
45.96
30.87
32.02
54.16
33.85
34.20
33.22
36.61
36.61
62.02
37.47
41.20
39.93
5,6
5,7
5,75
5,8
5,9
6,0
6,1
6,2
6,25
6,3
6,4
6,5
6,6
6,7
6,75
6,8
6,9
7,0
7,2
7,4
7,5
7,8
8,0
8,2
8,5
9,0
9,1
9,5
9,8
10,0
10,2
10,25
10,5
11,0
11,5
11,8
12,0
12,5
13,0
139
139
139
139
139
139
148
148
148
148
148
148
148
148
156
156
156
156
156
156
156
165
165
165
165
175
175
175
184
184
184
184
184
195
195
195
205
205
205
91
91
91
91
91
91
97
97
97
97
97
97
97
97
102
102
102
102
102
102
102
109
109
109
109
115
115
115
121
121
121
121
121
128
128
128
134
134
134
5,6
5,7
5,75
5,8
5,9
6,0
6,1
6,2
6,25
6,3
6,4
6,5
6,6
6,7
6,75
6,8
6,9
7,0
7,2
7,4
7,5
7,8
8,0
8,2
8,5
9,0
9,1
9,5
9,8
10,0
10,2
10,25
10,5
11,0
11,5
11,8
12,0
12,5
13,0
11403310560
11403310570
11403310575
11403310580
11403310590
11403310600
11403310610
11403310620
11403310625
11403310630
11403310640
11403310650
11403310660
11403310670
11403310675
11403310680
11403310690
11403310700
11403310720
11403310740
11403310750
11403310780
11403310800
11403310820
11403310850
11403310900
11403310910
11403310950
11403310980
11403311000
11403311020
11403311025
11403311050
11403311100
11403311150
11403311180
11403311200
11403311250
11403311300
1807
47.91
41.20
67.13
41.43
42.86
40.62
49.23
49.23
75.68
49.23
65.64
51.87
53.88
53.70
74.53
61.05
67.07
60.42
76.31
76.31
64.38
79.07
71.78
85.09
79.64
86.47
110.51
87.73
114.75
94.67
150.84
139.31
128.12
142.24
145.39
193.65
162.15
170.70
193.53
NOU
Burghiu pentru puncte de sudura, din 
carbura monobloc
• burghiu pentru sudare prin puncte din carbura solida cu 3 muchii 
de taiere.
• pentru gaurirea punctelor de sudura in foi de inalta rezistenta pana 
la 1.800 N/mm² (~ 52 HRC)
• cu tija triunghiulara pentru o transmisie optima a puterii
• trebuie respectati viteza recomandata.
•  cu acoperire TiALN pentru o durata de viata mai lunga a sculei.
VHM
NORM SC
Z3
3
1800 TiALN
N/mm²
Ø
8
L1
80
rpm
1800
18070300800
1806
727.87
NOU
Burghiu scurt pentru puncte de 
sudura, din carbura monobloc
• burghiu pentru sudare prin puncte din carbura solida cu 3 muchii 
de taiere.
• pentru gaurirea punctelor de sudura in foi de inalta rezistenta pana 
la 1.800 N/mm² (~ 52 HRC)
• cu tija triunghiulara pentru o transmisie optima a puterii
• trebuie respectati viteza recomandata.
•  cu acoperire TiALN pentru o durata de viata mai lunga a sculei.
VHM
SC
Z3
NORM
1800 TiALN
N/mm²
18060300845
Ø
8
L1
45
rpm
1800
604.75
