[SOURCE:CATALOG_UNIOR-TEPID_INDUSTRIAL_2025_rev5] [PAGE:414]
Ø
18,5
19,0
19,5
20,0
LT
198
198
205
205
LU
135
135
140
140
AMB
5
5
5
1
55.57
60.00
65.08
66.56
11000101850
11000101900
11000101950
11000102000
1100 SB
Burghie cilindrice scurte pentru metal
DIN 338, tip N, 118°, HSS, laminate,
brunate, husa
• burghie cilindrice scurte pentru metal, conform DIN 338 tip N,
unghi ascutire 118°
• material HSS, tratate termic, laminate, brunate
• taiere pe dreapta
• unghiul spirei 20-30°
• toleranta diametrului h8 .
• destinatie si utilizare idem Art 1100
DIN
338
HSS
R
Typ
N
118°
11000730100
11000730150
11000730200
11000730250
11000730300
11000730310
11000730320
11000730330
11000720350
11000720400
11000720410
11000720420
11000720450
11000720480
11000720500
11000700510
11000700520
11000700550
11000700600
11000700650
11000700680
11000700700
11000700750
11000700800
11000700850
11000700900
11000700950
11000701000
11000701020
11000701050
11000701100
11000701150
11000701200
11000701250
11000701300
Ø
1,0
1,5
2,0
2,5
3,0
3,1
3,2
3,3
3,5
4,0
4,1
4,2
4,5
4,8
5,0
5,1
5,2
5,5
6,0
6,5
6,8
7,0
7,5
8,0
8,5
9,0
9,5
10,0
10,2
10,5
11,0
11,5
12,0
12,5
13,0
LT
34
40
49
57
61
65
65
65
70
75
75
75
80
86
86
86
86
93
93
101
109
109
109
117
117
125
125
133
133
133
142
142
151
151
151
LU
12
18
24
30
33
36
36
36
39
43
43
43
47
52
52
52
52
57
57
63
69
69
69
75
75
81
81
87
87
87
94
94
101
101
101
AMB
3
3
3
3
3
3
3
3
2
2
2
2
2
2
2
1
1
1
1
1
1
1
1
1
1
1
1
1
1
1
1
1
1
1
1
5.08
5.08
5.08
5.57
5.57
8.52
8.52
8.52
4.43
4.43
7.38
4.92
5.08
5.74
5.90
5.57
5.57
4.10
4.43
4.75
7.38
5.25
7.38
6.39
7.05
7.70
10.66
9.34
13.11
13.28
15.74
16.39
17.54
19.02
19.02
1100
Burghie cilindrice scurte pentru metal
DIN 338, tip N, 118°, HSS, laminate, brunate
• burghie cilindrice scurte pentru metal, conform DIN 338 tip N,
unghi de ascutire 118°
• material HSS, tratate termic, laminate, brunate
• taiere pe dreapta
• unghiul spirei 20-30° / toleranta diametrului h8 .
• destinate pentru gaurire in oteluri ne aliate si slab aliate, cu
σr≤750 N/mm², gaurire in  fonte si materiale neferoase (aliaje
de aluminiu, cupru si bronzuri),   materiale  sinterizate diverse
(nu in piese sinterizate din pulberi de oteluri sau din carburi 
metalice) se pot folosi atat pe masini de gaurit, utilaje stationare 
si fixe, cat si pe masini de gaurit portabile, electrice sau pneumatice
DIN
338
HSS
R
Typ
N
750
N/mm²
118°
Ø
0,3
0,4
0,5
0,6
0,7
0,8*
0,9
1,0
1,1
1,2
1,25
1,3
1,4
1,5
1,6
1,7
1,75
1,8
1,9
2,0
2,1
2,2
2,25
2,3
2,4
2,5
2,6
2,7
2,75
2,8
2,9
3,0
3,1
3,2
3,25
3,3
3,4
3,5
3,6
3,7
3,75
3,8
3,9
4,0
4,1
4,2
4,25
4,3
4,4
4,5
4,6
4,7
4,75
4,8
4,9
5,0
5,1
5,2
5,25
5,3
5,4
5,5
5,6
5,7
5,75
5,8
5,9
6,0
6,1
11000100030
11000100040
11000100050
11000100060
11000100070
11000100080
11000100090
11000100100
11000100110
11000100120
11000100125
11000100130
11000100140
11000100150
11000100160
11000100170
11000100175
11000100180
11000100190
11000100200
11000100210
11000100220
11000100225
11000100230
11000100240
11000100250
11000100260
11000100270
11000100275
11000100280
11000100290
11000100300
11000100310
11000100320
11000100325
11000100330
11000100340
11000100350
11000100360
11000100370
11000100375
11000100380
11000100390
11000100400
11000100410
11000100420
11000100425
11000100430
11000100440
11000100450
11000100460
11000100470
11000100475
11000100480
11000100490
11000100500
11000100510
11000100520
11000100525
11000100530
11000100540
11000100550
11000100560
11000100570
11000100575
11000100580
11000100590
11000100600
11000100610
* burghiul este rectificat si brunat
LT
19
20
22
24
28
30
32
34
36
38
38
38
40
40
43
43
46
46
46
49
49
53
53
53
57
57
57
61
61
61
61
61
65
65
65
65
70
70
70
70
70
75
75
75
75
75
75
80
80
80
80
80
80
86
86
86
86
86
86
86
93
93
93
93
93
93
93
93
101
LU
3
5
6
7
9
10
11
12
14
16
16
16
18
18
20
20
23
23
23
24
24
27
27
27
30
30
30
33
33
33
33
33
36
36
36
36
39
39
39
39
39
43
43
43
43
43
43
47
47
47
47
47
47
52
52
52
52
52
52
52
57
57
57
57
57
57
57
57
63
AMB
10
10
10
10
10
10
10
10
10
10
10
10
10
10
10
10
10
10
10
10
10
10
10
10
10
10
10
10
10
10
10
10
10
10
10
10
10
10
10
10
10
10
10
10
10
10
10
10
10
10
10
10
10
10
10
10
10
10
10
10
10
10
10
10
10
10
10
10
10
1.31
1.31
1.31
1.31
1.31
1.31
1.31
1.31
1.31
1.31
1.31
1.31
1.31
1.31
1.64
1.64
1.64
1.64
1.64
1.64
1.80
1.80
1.80
1.80
1.80
1.80
2.13
2.13
2.13
2.13
2.13
2.13
2.46
2.46
2.46
2.46
2.46
2.46
2.79
2.79
2.79
2.79
2.79
2.79
2.79
2.79
2.79
2.79
2.79
2.79
3.11
3.11
3.11
3.11
3.11
3.11
3.28
3.28
3.28
3.28
3.28
3.28
3.61
3.61
3.61
3.61
3.61
3.44
4.26
11000100620
11000100625
11000100630
11000100640
11000100650
11000100660
11000100670
11000100675
11000100680
11000100690
11000100700
11000100710
11000100720
11000100725
11000100730
11000100740
11000100750
11000100760
11000100770
11000100775
11000100780
11000100790
11000100800
11000100810
11000100820
11000100825
11000100830
11000100840
11000100850
11000100860
11000100870
11000100875
11000100880
11000100890
11000100900
11000100910
11000100920
11000100925
11000100930
11000100940
11000100950
11000100960
11000100970
11000100975
11000100980
11000100990
11000101000
11000101010
11000101020
11000101025
11000101030
11000101040
11000101050
11000101060
11000101070
11000101075
11000101080
11000101090
11000101100
11000101110
11000101120
11000101125
11000101130
11000101140
11000101150
11000101160
11000101170
11000101175
11000101180
11000101190
11000101200
11000101210
11000101220
11000101225
11000101230
11000101240
11000101250
11000101260
11000101270
11000101275
11000101280
11000101290
11000101300
11000101350
11000101400
11000101450
11000101500
11000101550
11000101600
11000101650
11000101700
11000101750
11000101800
Ø
6,2
6,25
6,3
6,4
6,5
6,6
6,7
6,75
6,8
6,9
7,0
7,1
7,2
7,25
7,3
7,4
7,5
7,6
7,7
7,75
7,8
7,9
8,0
8,1
8,2
8,25
8,3
8,4
8,5
8,6
8,7
8,75
8,8
8,9
9,0
9,1
9,2
9,25
9,3
9,4
9,5
9,6
9,7
9,75
9,8
9,9
10,0
10,1
10,2
10,25
10,3
10,4
10,5
10,6
10,7
10,75
10,8
10,9
11,0
11,1
11,2
11,25
11,3
11,4
11,5
11,6
11,7
11,75
11,8
11,9
12,0
12,1
12,2
12,25
12,3
12,4
12,5
12,6
12,7
12,75
12,8
12,9
13,0
13,5
14,0
14,5
15,0
15,5
16,0
16,5
17,0
17,5
18,0
LT
101
101
101
101
101
101
101
109
109
109
109
109
109
109
109
109
109
117
117
117
117
117
117
117
117
117
117
117
117
125
125
125
125
125
125
125
125
125
125
125
125
133
133
133
133
133
133
133
133
133
133
133
133
142
142
142
142
142
142
142
142
142
142
142
142
151
151
151
151
151
151
151
151
151
151
151
151
151
151
151
151
151
151
160
160
169
169
178
178
184
184
191
191
LU
63
63
63
63
63
63
63
69
69
69
69
69
69
69
69
69
69
75
75
75
75
75
75
75
75
75
75
75
75
81
81
81
81
81
81
81
81
81
81
81
81
87
87
87
87
87
87
87
87
87
87
87
87
94
94
94
94
94
94
94
94
94
94
94
94
101
101
101
101
101
101
101
101
101
101
101
101
101
101
101
101
101
101
108
108
114
114
120
120
125
125
130
130
AMB
10
10
10
10
10
10
10
10
10
10
10
10
10
10
10
10
10
10
10
10
10
10
10
10
10
10
10
10
10
10
10
10
10
10
10
10
10
10
10
10
10
10
10
10
10
10
10
10
10
10
10
10
10
10
10
10
10
10
10
10
10
10
10
10
10
10
10
10
10
10
10
10
10
10
10
10
10
10
10
10
10
10
10
10
10
10
10
10
5
5
5
5
5
4.26
4.26
4.26
4.26
3.93
4.92
4.92
4.92
4.92
4.92
4.43
5.74
5.74
5.74
5.74
5.74
5.25
6.23
6.23
6.23
6.23
6.23
6.23
7.21
7.21
7.21
7.21
7.21
7.21
7.54
7.54
7.54
7.54
7.54
7.54
9.34
9.34
9.34
9.34
9.34
8.85
10.33
10.33
10.33
10.33
10.33
9.84
12.30
11.31
12.30
12.30
12.30
11.15
14.43
14.43
14.43
14.43
14.43
13.28
14.92
14.92
14.92
14.92
14.92
14.92
16.56
16.56
16.56
16.23
16.23
15.90
18.52
18.52
18.52
18.52
18.52
18.20
18.85
18.85
18.85
18.85
18.85
18.20
21.97
24.10
26.39
28.52
32.30
34.43
39.84
43.11
44.59
53.93
