[SOURCE:CATALOG_UNIOR-TEPID_INDUSTRIAL_2025_rev5] [PAGE:1006]
026
NOU
NOU
Dalta hexagonala cu varf lat
• material: MZW
Dalta cu varf ascutit
• material: Al-Bron
Punctator
• material: Al-Bron
METALMINOTTI
COOPER AND UNCONVENTIONAL COOPER ALLOYS
026 0150
026 0200
026 0250
026 0300
026 0350
026 0400
026 0450
14
14
17
17
19
22
22
L
150
200
250
300
350
400
450
73779
73781
73783
L
140
200
300
270
450
800
Dalta diamantata cu varf lat
• material: Al-Bron
170
300
550
650
1000
1500
1700
655.74
983.61
1311.48
1639.34
2032.79
3016.39
3409.84
NOU
Dalta hexagonala cu varf lat
• material: Al-Bron
L
150
200
160
250
300
350
600
300
500
10
14
16
14
17
17
22
25
30
73812
73814
73816
73818
73820
73822
73824
73826
73828
241
Dalta cu varf ascutit
• material: MZW
METALMINOTTI
COOPER AND UNCONVENTIONAL COOPER ALLOYS
241 0150
241 0175
241 0200
241 0250
241 0300
241 0350
241 0400
241 0450
L
150
175
200
250
300
350
400
450
100
250
260
320
700
900
1800
1100
2700
180
330
330
580
700
1000
1400
1530
316.36
510.36
536.55
638.43
1476.14
1701.21
3504.62
2205.62
5087.51
393.44
459.02
524.59
655.74
786.89
918.03
1049.18
1180.33
L
200
250
300
400
16
17
19
20
300
500
600
1396.41
1665.93
1915.70
1000
2829.26
71544
71545
71546
71547
084
Dalta cu varf ascutit pneumatica
• material: MZW
METALMINOTTI
COOPER AND UNCONVENTIONAL COOPER ALLOYS
084 0450
25,4
085
L
450
1800
1311.48
Dalta lunga cu varf lat
• material: MZW
• dimensiuni coada: Ø40/Ø25x65 mm
METALMINOTTI
COOPER AND UNCONVENTIONAL COOPER ALLOYS
085 3300
085 4300
085 5300
D
40
40
40
d
25
25
25
A
65
65
65
L
330
430
530
1300
1750
2150
2819.67
3672.13
4459.02
L
100
150
60
80
-
-
396.42
619.67
NOU
71516
71517
037
Punctator
• material: MZW
1020.06
1636.02
2676.41
NOU
METALMINOTTI
COOPER AND UNCONVENTIONAL COOPER ALLOYS
037 0100
037 0145
Ø
100
145
L
100
145
Dorn
• material: Al-Bron
50
60
432.79
668.85
NOU
Ø1
1,4
1,8
2
2,4
2,8
3
4
5
6
8
10
10
71527
71528
36208
71529
71530
71531
71532
71533
71534
71535
36547
36212
Dorn conic
• material: MZW
METALMINOTTI
COOPER AND UNCONVENTIONAL COOPER ALLOYS
Ø1
2
3
4
5
6
8
10
12
16
20
25
081 0020
081 0030
081 0040
081 0050
081 0060
081 0080
081 0100
081 0120
081 0160
081 0200
081 0250
Ø2
3
4
5
5
6
6
8
10
12
16
16
14
L
110
110
110
110
110
110
120
130
140
150
150
150
L
120
120
120
120
120
150
175
175
175
250
25
5
10
10
10
19
19
38
65
95
175
210
175
120
120
120
120
120
200
300
450
900
420.47
420.47
438.98
438.98
438.98
438.98
438.98
492.02
540.02
574.73
697.92
824.16
367.21
367.21
367.21
367.21
367.21
367.21
590.16
655.74
983.61
1250
1770.49
220
2163.93
