[SOURCE:CATALOG_UNIOR-TEPID_INDUSTRIAL_2025_rev5] [PAGE:424]
11456110560
11456110570
11456110580
11456110590
11456110600
11456110610
11456110620
11456110630
11456110640
11456110650
11456110660
11456110670
11456110680
11456110690
11456110700
11456110710
11456110720
11456110730
11456110740
11456110750
11456110760
11456110770
11456110780
11456110790
11456110800
11456110810
11456110820
11456110830
11456110840
11456110850
11456110860
11456110870
11456110880
11456110890
11456110900
11456110910
11456110920
11456110930
11456110940
11456110950
11456110960
11456110970
11456110980
11456110990
11456111000
11456111020
11456111050
11456111100
11456111150
11456111200
11456111250
11456111300
11456111400
11456111500
11456111600
11456111700
11456111800
11456111900
11456112000
        Ø 
5,6
5,7
5,8
5,9
6,0
6,1
6,2
6,3
6,4
6,5
6,6
6,7
6,8
6,9
7,0
7,1
7,2
7,3
7,4
7,5
7,6
7,7
7,8
7,9
8,0
8,1
8,2
8,3
8,4
8,5
8,6
8,7
8,8
8,9
9,0
9,1
9,2
9,3
9,4
9,5
9,6
9,7
9,8
9,9
10,0
10,2
10,5
11,0
11,5
12,0
12,5
13,0
14,0
15,0
16,0
17,0
18,0
19,0
20,0
11456170017
d2           L            l1
57
93
5,6
57
93
5,7
57
93
5,8
57
93
5,9
57
93
6
63
101
6,1
63
101
6,2
63
101
6,3
63
101
6,4
63
101
6,5
63
101
6,6
63
101
6,7
69
109
6,8
69
109
6,9
69
109
7
69
109
7,1
69
109
7,2
69
109
7,3
69
109
7,4
69
109
7,5
75
117
7,6
75
117
7,7
75
117
7,8
75
117
7,9
75
117
8
75
117
8,1
75
117
8,2
75
117
8,3
75
117
8,4
75
117
8,5
81
125
8,6
81
125
8,7
81
125
8,8
81
125
8,9
81
125
9
81
125
9,1
81
125
9,2
81
125
9,3
81
125
9,4
81
125
9,5
87
133
9,6
87
133
9,7
87
133
9,8
87
133
9,9
87
133
10
87
133
10,2
87
133
10,5
94
142
11
94
142
11,5
101
151
12
101
151
12,5
101
151
13
108
160
14
114
169
15
120
178
16
125
184
17
130
191
18
135
298
19
140
205
20
41.60
43.26
39.19
44.24
37.93
42.23
42.23
42.86
48.66
43.49
56.57
46.42
58.18
56.75
52.39
57.61
59.33
59.33
59.90
54.97
65.01
70.29
65.81
67.53
62.71
68.80
70.86
70.11
72.98
66.04
84.69
84.69
84.69
86.70
67.53
86.70
86.70
91.57
91.57
89.68
95.99
95.99
100.58
100.58
96.39
116.76
103.85
114.47
122.90
132.31
142.52
146.54
279.48
301.80
361.76
405.77
487.93
538.14
677.05
NOU
Set burghie DIN 338 HSCOB TBX 4F 
"Blade" 1-13 mm x 0,5 mm / 25 piese
11456170017
25 piese
1,0-13,0 mm x 0,5 mm
1921.50
8242201
NOU
Burghie cilindrice scurte din carbura
monobloc, conform DIN 6537K, m7,
2xd, TiAlN, fara canale de racira
SIRIUS III
• burghie cilindrice scurte din carbura monobloc, conform DIN 6537K,
fara canale de racire
• material: carbura monobloc HM, acoperire pe partea activa TiAlN
• adancimea de aschiere recomandata : 2xD
• unghi de ascutire: 145º
• unghiul spirei: 30º
• toleranta diametrului m7
• cu ascutire suplimentara pe fata de asezare si micsorarea taisului
transversal, conform DIN 1412 C, pentru o aschiere mai usoara / 
micsorarea fortei de aschiere si o gaurire mai rapida
• destinate pentru gaurire in oteluri ne aliate, slab si inaltaliate, oteluri 
inoxodabile, oteluri pentru tratament termic cu σr≤1400 N/mm², si 
ideal pentru gauriri in oteluri refractare si aliate cu Titan, dar si 
gaurire in fonte, aliaje de alumini si bronzuri
• recomandabil a se pot folosi doar pe masini de gaurit stationare, 
utilaje cu CNC
HM
CARB
TiAIN
COATED
DIN
6537K
2xd CYL
SPECIAL
TYPE
FLUTE
1146852
Burghie cilindrice scurte pentru metal 
DIN 338 SLR® tip NFO
• burghie cilindrice scurte pentru metal, conform DIN 338, 
SLR® tip NFO, 
• material HSS-E (Co 5%), rectificate, tratate termic 
• unghi de ascutire 135°, unghiul spirei 20-30°
• toleranta diametrului h8
• gradatie pentru controlul adancimi de gaurire
• de la Ø 2 mm cu ascutire suplimentara pe fata de asezare si 
.micsorarea taisului transversal, conform DIN 1412 C, pentru o 
aschiere mai usoara / micsorarea fortei de aschiere si o gaurire 
mai rapida
• destinate pentru gaurire in oteluri ne aliate, slab aliate si ideal 
pentru gauriri in tevi si profile din otel inoxidabil
• recomandabil a se folosi  pe masini de gaurit, utilaje stationare 
si fixe dar si pe masini de gaurit portabile, electrice sau pneumatice
2
d
L
l1
Ø
82422010390
82422010300
82422010310
82422010320
82422010330
82422010340
82422010350
82422010360
82422010370
82422010380
82422010400
82422010410
82422010420
82422010430
82422010440
82422010450
82422010460
Ø
3
3.1
3.2
3.3
3.4
3.5
3.6
3.7
3.8
3.9
4
4.1
4.2
4.3
4.4
4.5
4.6
GRADUATION
11468520100
11468520150
11468520200
11468520250
11468520300
11468520320
11468520330
11468520350
11468520400
11468520420
11468520450
11468520480
11468520500
11468520520
11468520550
11468520600
11468520650
11468520680
11468520700
11468520750
11468520800
11468520850
11468520900
11468520950
11468521000
11468521050
11468521100
11468521200
11468521300
        Ø 
1,0
1,5
2,0
2,5
3,0
3,2
3,3
3,5
4,0
4,2
4,5
4,8
5,0
5,2
5,5
6,0
6,5
6,8
7,0
7,5
8,0
8,5
9,0
9,5
10,0
10,5
11,0
12,0
13,0
 L            l1
34
12
40
18
49
24
57
30
61
33
65
36
65
36
70
39
75
43
75
43
80
47
86
52
86
52
86
52
93
57
93
57
101
63
109
69
109
69
109
69
117
75
117
75
125
81
125
81
133
87
133
87
142
94
151
101
151
101
15.55
15.84
16.52
18.53
20.08
22.26
29.38
23.07
27.31
29.55
32.42
44.24
31.56
34.25
34.83
38.39
43.43
52.50
53.70
52.73
64.03
64.49
65.93
89.85
101.56
103.80
114.24
132.08
146.31
82422010465
4.65
82422010470
82422010480
82422010490
82422010500
82422010510
82422010520
82422010530
82422010540
82422010550
4.7
4.8
4.9
5
5.1
5.2
5.3
5.4
5.5
82422010555
5.55
82422010560
82422010570
82422010580
82422010590
82422010600
82422010610
82422010620
82422010630
82422010640
82422010650
5.6
5.7
5.8
5.9
6
6.1
6.2
6.3
6.4
6.5
d2
6
6
6
6
6
6
6
6
6
6
6
6
6
6
6
6
6
6
6
6
6
6
6
6
6
6
6
6
6
6
6
6
6
8
8
8
8
8
L
62
62
62
62
62
62
62
62
66
66
66
66
66
66
66
66
66
66
66
66
66
66
66
66
66
66
66
66
66
66
66
66
66
79
79
79
79
79
Lu
20
20
20
20
20
20
20
20
24
24
24
24
24
24
24
24
24
24
24
28
28
28
28
28
28
28
28
28
28
28
28
28
28
34
34
34
34
34
Amb
1
1
1
1
1
1
1
1
1
1
1
1
1
1
1
1
1
1
1
1
1
1
1
1
1
1
1
1
1
1
1
1
1
1
1
1
1
1
423.93
423.93
423.93
423.93
423.93
423.93
423.93
423.93
423.93
423.93
423.93
423.93
423.93
423.93
423.93
423.93
423.93
423.93
423.93
423.93
423.93
423.93
423.93
423.93
423.93
423.93
423.93
423.93
423.93
423.93
423.93
423.93
423.93
561.31
561.31
561.31
561.31
561.31
