[SOURCE:CATALOG_UNIOR-TEPID_INDUSTRIAL_2025_rev5] [PAGE:133]
12T 3/4”
12LT 3/4”
Cap cheie tubulara de impact cu pereti subtiri 3/4" 
6 laturi, scurt
• patrat de antrenare 3/4” DIN 3121 - forma H20
• hexagon interior conform DIN 475/2
Cap cheie tubulara de impact cu pereti subtiri 3/4" 
6 laturi, lung
• patrat de antrenare 3/4” DIN 3121 - forma H20
• hexagon interior conform DIN 475/2
Dimensiune            D1              D2              L            t min         Greutate
MM/inch              mm            mm            mm           mm               gr
Dimensiune            D1              D2              L            t min         Greutate
MM/inch              mm            mm            mm           mm               gr
12M17T
12M18T
1212M19T
12M20T
12M21T
12M22T
12M23T
12M24T
12M25T
12M26T
1217M27T
12M28T
12M29T
1219M30T
12M31T
12M32T
12M33T
12M34T
1222M35T
12M36T
12M37T
1224M38T
12M39T
12M40T
1226M41T
12M42T
1227M43T
12M44T
12M45T
1229M46T
1211T
1212M19T inch
1213T
1214T
1215T
1216T
1217M27T inch
1218T
1219M30T inch
1220T
1221T
1222M35T inch
1223T
1224M38T inch
1225T
1226M41T inch
17
18
19
20
21
22
23
24
25
26
27
28
29
30
31
32
33
34
35
36
37
38
39
40
41
42
43
44
45
46
11/16"
3/4"
13/16"
7/8"
15/16"
1"
1 1/16"
1 1/8"
1 3/16"
1 1/4"
1 5/16"
1 3/8"
1 7/16"
1 1/2"
1 9/16"
1 5/8"
1227M43T inch
1 11/16"
1228T
1 3/4"
1229M46T inch
1 13/16"
28
30
30
30
34
35
35
38
38
40
40
41
41
41
44
48
48
49
50
51
52
52
54
54
54
57
60
60
60
63
28
30
34
35
35
38
40
41
41
44
48
50
51
52
54
54
60
60
63
44
44
44
44
44
44
44
44
44
44
44
44
44
44
44
44
44
44
44
44
44
44
44
44
44
44
44
44
44
44
44
44
44
44
44
44
44
44
44
44
44
44
44
44
44
44
44
44
44
45
45
45
46
46
46
46
46
46
46
48
48
52
52
52
52
55
55
55
56
56
59
59
59
59
59
64
64
64
64
45
45
46
46
46
46
48
52
52
52
55
55
56
59
59
59
64
64
64
9
9
9.5
10
11
11
13
13
13
13
13
14
16.5
16.5
17
17
17
19
19
19
19
22
22
22
22
22
25
25
25.5
25.5
9
9.5
11
13
13
13
13
16.5
16.5
17
19
19
19
22
22
22
25
25.5
25.5
300
300
300
350
350
350
350
350
350
350
350
350
350
350
350
420
420
420
420
450
450
450
450
450
450
450
650
650
650
700
300
300
350
350
350
350
350
350
350
350
420
420
450
450
450
450
650
650
700
126.00
125.93
125.93
137.58
137.58
137.58
137.58
137.58
139.87
139.87
149.16
149.16
149.16
149.16
164.14
164.14
180.74
188.63
188.63
197.11
212.16
212.16
238.57
245.14
245.14
258.42
277.97
277.97
316.33
316.33
125.93
125.93
137.58
137.58
137.58
139.87
149.16
149.16
149.16
164.14
180.74
188.63
198.81
212.16
238.57
245.14
277.97
277.97
316.33
12M17LT
12M18T
1212M19LT
12M20LT
12M21LT
12M22LT
12M23LT
12M24LT
12M25LT
12M26LT
1217M27LT
12M28LT
12M29LT
1219M30LT
12M31LT
12M32LT
12M33LT
12M34LT
1222M35LT
12M36LT
12M37LT
1224M38LT
12M39LT
12M40LT
1226M41LT
12M42LT
1227M43LT
12M44LT
12M45LT
1229M46LT
17
18
19
20
21
22
23
24
25
26
27
28
29
30
31
32
33
34
35
36
37
38
39
40
41
42
43
44
45
46
1211LT
11/16"
1212M19LT inch
3/4"
1213LT
1214LT
1215LT
1216LT
13/16"
7/8"
15/16"
1"
1217M27LT inch
1 1/16"
1218LT
1 1/8"
1219M30LT inch
1 3/16"
1220LT
1221LT
1 1/4"
1 5/16"
1222M35LT inch
1 3/8"
1223LT
1 7/16"
1224M38LT inch
1 1/2"
1225LT
1 9/16"
1226M41LT inch
1 5/8"
1227M43LT inch
1 11/16"
1228LT
1 3/4"
1229M46LT inch
1 13/16"
28
30
30
30
34
35
35
38
38
40
40
41
41
41
44
48
48
49
50
51
52
52
54
54
54
57
60
60
60
63
28
30
34
35
35
38
40
41
41
44
48
50
51
52
54
54
60
60
63
44
44
44
44
44
44
44
44
44
44
44
44
44
44
44
44
44
44
44
44
44
44
44
44
44
44
44
44
44
44
44
44
44
44
44
44
44
44
44
44
44
44
44
44
44
44
44
44
44
90
90
90
90
90
90
90
90
90
90
90
90
90
90
90
90
90
90
90
90
90
90
90
90
90
90
90
90
90
90
90
90
90
90
90
90
90
90
90
90
90
90
90
90
90
90
90
90
90
9
9
9.5
10
11
11
13
13
13
13
13
14
16.5
16.5
17
17
17
19
19
19
19
22
22
22
22
22
25
25
25.5
25.5
9
9.5
11
13
13
13
13
16.5
16.5
17
19
19
19
22
22
22
25
25.5
25.5
700
700
700
700
700
700
700
700
700
700
700
700
700
700
700
750
750
750
750
880
880
880
800
800
800
800
850
850
850
1000
700
700
700
700
700
700
700
700
700
700
750
750
880
880
800
800
850
850
1000
193.96
193.96
193.96
197.26
197.64
197.64
197.64
197.64
211.71
211.71
211.71
259.94
259.94
259.94
269.00
269.00
344.22
344.22
344.22
344.22
369.61
369.61
394.34
394.34
407.55
407.55
407.55
510.25
510.25
510.25
193.96
193.96
197.17
197.64
197.64
211.71
211.71
259.94
259.94
269.00
344.22
344.22
344.22
369.61
394.34
407.55
407.55
510.25
510.25
