[SOURCE:CATALOG_UNIOR-TEPID_INDUSTRIAL_2025_rev5] [PAGE:252]
TABEL DE CONVERSIE CUPLU
Bar
69
83
97
110
124
138
152
165
179
193
207
221
234
248
262
276
290
303
317
331
345
359
372
386
400
414
427
441
455
469
483
496
510
524
538
552
565
579
593
607
621
634
648
662
676
689
7/8" - 1 
1/8"
22-28 mm
N.M
75
87
100
112
125
137
150
162
174
187
199
211
223
235
247
259
272
284
296
308
321
333
345
357
370
382
394
406
418
431
443
455
467
479
491
503
515
528
540
553
565
577
589
601
613
625
56586
1 3/16"- 1 
5/8"
29-41 mm
N.m
96
112
128
144
160
176
192
208
224
240
256
272
287
303
318
334
349
365
381
396
412
428
444
459
475
491
507
522
538
554
569
585
600
616
631
647
663
679
695
711
727
742
758
773
789
804
1 11/16"- 
2"
42-50 mm
N.m
107
125
143
160
178
196
214
231
249
267
285
302
319
336
353
371
388
406
423
440
458
475
493
510
528
545
563
580
598
615
633
650
667
684
701
719
736
754
772
790
807
825
842
859
876
893
3/4"- 1 
13/16"
19-46 mm
N.m
274
326
378
429
481
532
586
639
692
745
799
853
907
961
1014
1068
1122
1175
1229
1282
1336
1389
1442
1496
1549
1602
1656
1710
1765
1819
1873
1927
1980
2034
2088
2141
2195
2248
2301
2354
2408
2460
2512
2565
2617
2669
56573
1 7/8"- 2 
9/16"
47-65 mm
N.m
321
382
442
503
563
624
686
748
811
873
936
999
1062
1125
1188
1251
1314
1377
1439
1502
1565
1627
1689
1752
1814
1876
1940
2003
2067
2130
2194
2257
2320
2382
2445
2508
2571
2633
2695
2758
2820
2881
2943
3004
3065
3127
56587
2 5/8"- 2 
15/16"
67-75 mm
N.m
347
412
477
543
608
673
740
808
875
942
1010
1078
1146
1214
1282
1351
1418
1486
1553
1621
1689
1756
1823
1891
1958
2025
2094
2162
2231
2299
2368
2436
2504
2571
2639
2707
2775
2842
2909
2976
3044
3110
3176
3242
3308
3374
1"- 2 9/16"
25 - 65 
mm
N.m
572
681
790
898
1007
1116
1228
1341
1453
1566
1679
1789
1900
2010
2121
2232
2340
2449
2558
2667
2775
2885
2994
3104
3214
3323
3435
3546
3657
3769
3880
3988
4096
4204
4312
4420
4533
4646
4758
4871
4984
5095
5206
5318
5429
5540
2 5/8"- 3 
1/8"
66-79 mm
N.m
644
766
888
1011
1133
1255
1382
1508
1635
1761
1888
2013
2137
2261
2386
2510
2633
2755
2877
3000
3122
3245
3368
3492
3615
3738
3863
3989
4114
4239
4365
4486
4608
4729
4850
4972
5099
5226
5352
5479
5606
5731
5856
5981
6107
6232
1 7/8"- 3 
1/8"
47-79 mm
N.m
1080
1297
1515
1732
1949
2166
2383
2601
2819
3036
3254
3470
3686
3902
4118
4334
4547
4760
4973
5186
5399
5617
5834
6051
6269
6486
6706
6927
7147
7368
7588
7805
8021
8238
8454
8671
8899
9127
9355
9583
9810
10024
10238
10452
10665
10879
56588
3 3/16"- 3 
9/16"
80-90 mm
N.m
1142
1371
1600
1830
2059
2289
2519
2749
2978
3208
3438
3667
3895
4123
4352
4580
4805
5030
5255
5480
5705
5935
6165
6394
6624
6854
7087
7320
7552
7785
8018
8247
8476
8705
8934
9163
9403
9644
9885
10126
10367
10592
10818
11044
11270
11496
3 5/8"- 4 
5/8"
92-117 mm
N.m
1325
1592
1858
2124
2391
2657
2924
3191
3458
3725
3992
4257
4522
4787
5052
5317
5578
5840
6101
6362
6624
6890
7157
7423
7690
7957
8227
8498
8768
9038
9309
9575
9840
10106
10372
10637
10917
11196
11476
11755
12035
12297
12559
12822
13084
13346
