[SOURCE:CATALOG_UNIOR-TEPID_INDUSTRIAL_2025_rev5] [PAGE:456]
       Dimensiune      Lungime activa        Lungime totala           Ambalare
       Dimensiune      Lungime activa        Lungime totala           Ambalare
110D22L0210
110D25L0210
L 200 x 260
110D06L0260
110D06.5L0260
110D07L0260
110D08L0260
110D10L0260
110D12L0260
110D13L0260
110D14L0260
110D15L0260
110D16L0260
110D18L0260
110D20L0260
110D22L0260
110D24L0260
110D25L0260
L 250 x 310
110D05L0310
110D06L0310
110D08L0310
110D10L0310
110D12L0310
110D13L0310
110D14L0310
110D16L0310
110D18L0310
110D20L0310
110D22L0310
110D24L0310
110D25L0310
110D26L0310
110D28L0310
L 350 x 410
110D08L0410
110D10L0410
110D12L0410
110D14L0410
110D16L0410
110D18L0410
110D20L0410
110D22L0410
110D24L0410
110D25L0410
L 400 x 460
110D06L0460
110D08L0460
110D10L0460
110D12L0460
110D14L0460
110D16L0460
110D18L0460
110D20L0460
110D22L0460
110D24L0460
110D25L0460
110D26L0460
110D28L0460
110D30L0460
22,0
25,0
6,0
6,5
7,0
8,0
10,0
12,0
13,0
14,0
15,0
16,0
18,0
20,0
22,0
24,0
25,0
5,0
6,0
8,0
10,0
12,0
13,0
14,0
16,0
18,0
20,0
22,0
24,0
25,0
26,0
28,0
8,0
10,0
12,0
14,0
16,0
18,0
20,0
22,0
24,0
25,0
6,0
8,0
10,0
12,0
14,0
16,0
18,0
20,0
22,0
24,0
25,0
26,0
28,0
30,0
150
150
200
200
200
200
200
200
200
200
200
200
200
200
200
200
200
250
250
250
250
250
250
250
250
250
250
250
250
250
250
250
350
350
350
350
350
350
350
350
350
350
400
400
400
400
400
400
400
400
400
400
400
400
400
400
210
210
260
260
260
260
260
260
260
260
260
260
260
260
260
260
260
310
310
310
310
310
310
310
310
310
310
310
310
310
310
310
410
410
410
410
410
410
410
410
410
410
460
460
460
460
460
460
460
460
460
460
460
460
460
460
1
1
1
1
1
1
1
1
1
1
1
1
1
1
1
1
1
1
1
1
1
1
1
1
1
1
1
1
1
1
1
1
1
1
1
1
1
1
1
1
1
1
1
1
1
1
1
1
1
1
1
1
1
1
1
1
154.92
196.39
28.52
29.18
46.39
30.16
38.36
45.74
53.61
53.28
71.48
71.97
89.34
113.28
165.57
212.13
228.69
47.21
56.72
50.82
52.79
69.02
71.48
77.87
86.72
119.18
115.57
140.98
241.64
276.07
328.52
451.31
85.41
71.64
85.41
95.25
95.25
138.03
173.77
209.02
270.98
330.33
75.25
72.13
80.49
80.66
94.59
104.43
121.15
134.10
163.44
194.43
206.39
218.20
261.80
501.48
8,0
10,0
12,0
14,0
16,0
18,0
20,0
22,0
24,0
25,0
8,0
10,0
12,0
14,0
16,0
18,0
20,0
22,0
25,0
L 550 x 610
110D08L0610
110D10L0610
110D12L0610
110D14L0610
110D16L0610
110D18L0610
110D20L0610
110D22L0610
110D24L0610
110D25L0610
L 940 x 1000
110D08L1000
110D10L1000
110D12L1000
110D14L1000
110D16L1000
110D18L1000
110D20L1000
110D22L1000
110D25L1000
110
550
550
550
550
550
550
550
550
550
550
940
940
940
940
940
940
940
940
940
610
610
610
610
610
610
610
610
610
610
1000
1000
1000
1000
1000
1000
1000
1000
1000
1
1
1
1
1
1
1
1
1
1
1
1
1
1
1
1
1
1
1
109.02
111.15
113.61
122.95
136.89
175.57
226.07
283.77
323.44
376.89
405.74
405.74
405.74
428.52
480.98
573.44
640.82
800.49
878.03
Truse burghie SDS-plus pentru beton 
Twister PLUS
116D
105D
102C
136C
100C
Dimensiune 
10 piese  
Ambalare
1 
L110 Ø5-6-8 L160Ø6(x2)-8(x2)-10-12-14
     393.44
7 piese 
7 piese 
5 piese 
4 piese 
1 
     277.70
L110 Ø5-6-8 L160Ø6-8-10-12
1 
     218.20
L110 Ø5-6-8 L160Ø6-8-10-12
1 
     168.85
L110 Ø6-8 L160Ø6-8-10
1 
     116.72
L160Ø5-6-8-10
116D 
105D 
102C 
136C 
100C 
