[SOURCE:CATALOG_UNIOR-TEPID_INDUSTRIAL_2025_rev5] [PAGE:154]
Dimensiune         D1            D2 
MM/inch           mm           mm 
           L              t min          Greutate
       mm            mm                gr
2482M130
2421
2422M35 inch
2423
2424M38 inch
2425
2426M41 inch
2427M43 inch
2428
2429M46 inch
2430
2431M49 inch
2432M51 inch
2433
2434M54 inch
2435
2436M57 inch
2437M59 inch
2438
2439M62 inch
2440
2441M65 inch
2442M67 inch
2443
2444M70 inch
2445
2446M73 inch
2447M75 inch
2448M76 inch
2449
2450
2451
2452
2453
2454M86 inch
2455
2456
2457
2458
2459
2460M95 inch
2461
2462
2463M100 inch
2464
2465
2466M105 inch
2467
2468
2469M110 inch
2470
2471
2472
2474
2476
2478
2480
2482M130 inch
2483
2486
130
1 5/16"
1 3/8"
1 7/16"
1 1/2"
1 9/16"
1 5/8"
1 11/16"
1 3/4"
1 13/16"
1 7/8"
1 15/16"
2"
2 1/16"
2 1/8"
2 3/16"
2 1/4"
2 5/16"
2 3/8"
2 7/16"
2 1/2"
2 9/16"
2 5/8"
2 11/16"
2 3/4"
2 13/16"
2 7/8"
2 15/16"
3"
3 1/16"
3 1/8"
3 3/16"
3 1/4"
3 5/16"
3 3/8"
3 7/16"
3 1/2"
3 9/16"
3 5/8"
3 11/16"
3 3/4"
3 13/16"
3 7/8"
3 15/16"
4"
4 1/16"
4 1/8"
4 3/16"
4 1/4"
4 5/16"
4 3/8"
4 7/16"
4 1/2"
4 5/8"
4 3/4"
4 7/8"
5"
5 1/8"
5 3/16"
5 3/8"
180
127
158
60
60
64
64
70
70
75
75
75
80
80
80
86
86
86
86
92
92
96
100
100
100
105
105
109
109
109
115
115
115
121
121
121
127
127
130
130
135
135
135
140
140
140
145
145
150
150
150
155
155
155
160
165
165
170
180
180
180
190
86
86
86
86
86
86
86
86
86
86
86
86
86
86
86
86
86
86
86
86
86
86
86
86
86
86
86
86
86
86
86
86
86
86
86
86
86
127
127
127
127
127
127
127
127
127
127
127
127
127
127
127
127
127
127
127
127
127
127
75
75
80
80
80
80
80
80
80
82
82
82
89
89
92
92
92
96
96
96
96
101
101
101
105
105
105
110
110
110
116
116
116
116
118
118
118
118
118
118
125
125
125
125
125
125
137
137
137
137
137
137
143
145
145
150
158
158
158
76
19
19
19
22
22
22
25
25.5
25.5
27
27
27
30
30
32
32.5
33
35
35
35
35
38
38
38
40
41
41
44
44
44
47
47
47
49
49
49
49
49
49
49
54
54
54
54
54
54
62
62
62
62
62
62
67
67
67
72
76
76
76
14800
4331.66
1800
1800
2200
2200
2200
2200
2200
2200
2200
2300
2300
2300
2500
2500
2500
2500
2800
2800
3200
3350
3350
3350
3600
3600
3900
3900
3900
4500
4500
4500
5100
5100
5100
5500
5500
5600
5600
7900
7900
7900
8500
8500
8500
9000
9000
9500
528.49
528.49
568.25
568.25
568.25
568.25
568.25
568.25
568.25
580.28
580.28
580.28
580.28
580.28
592.52
647.56
647.56
713.51
713.51
794.80
794.80
825.79
909.81
1070.19
1150.52
1249.52
1294.89
1383.27
1428.79
1516.94
1516.94
1562.53
1605.25
1696.43
1739.21
1739.21
1963.84
2274.34
2675.36
2675.36
2729.07
2862.74
2996.48
2996.48
3397.94
3397.94
10200
3397.94
10200
3397.94
10400
3692.14
10400
3692.14
10400
3692.14
11500
3692.14
12000
4066.75
12000
4066.75
12200
4110.79
14800
4331.66
14800
4331.66
14800
5520.61
16700
5945.39
24L 1.1/2”
Cap cheie tubulara de impact 1.1/2" 6 laturi, lung
• patrat de antrenare 1.1/2” DIN 3121 - forma H 40
• hexagon interior conform DIN 475/2
Dimensiune         D1            D2 
MM/inch           mm           mm 
           L              t min          Greutate
       mm            mm                gr
24M32L
24M33L
24M34L
2422M35L
24M36L
24M37L
2424M38L
24M39L
24M40L
2426M41L
24M42L
2427M43L
24M44L
24M45L
2429M46L
24M47L
24M48L
2431M49L
24M50L
2432M51L
24M52L
2434M54L
24M55L
24M56L
2436M57L
24M58L
2437M59L
24M60L
24M61L
2439M62L
2441M65L
2442M67L
2444M70L
2446M73L
2447M75L
2448M76L
24M77L
24M80L
24M85L
2454M86L
24M90L
2460M95L
2463M100L
2466M105L
2469M110L
24M115L
24M120L
24M125L
2482M130L
32
33
34
35
36
37
38
39
40
41
42
43
44
45
46
47
48
49
50
51
52
54
55
56
57
58
59
60
61
62
65
67
70
73
75
76
77
80
85
86
90
95
100
105
110
115
120
125
130
60
60
60
60
64
64
64
70
70
70
70
75
75
75
75
75
80
80
80
80
80
86
86
86
86
92
92
92
96
96
100
100
105
109
109
115
115
115
121
127
130
135
140
150
155
160
165
170
180
86
86
86
86
86
86
86
86
86
86
86
86
86
86
86
86
86
86
86
86
86
86
86
86
86
86
86
86
86
86
86
86
86
86
86
86
86
86
86
86
86
127
127
127
127
127
127
127
127
140
140
140
140
140
140
140
140
140
140
140
140
140
140
140
140
140
140
140
140
140
140
140
140
140
140
140
140
140
140
140
140
140
140
140
140
140
140
140
140
140
150
150
150
160
160
170
170
185
17
17
19
19
19
19
22
22
22
22
22
25
25
25.5
25.5
25.5
27
27
27
27
27
30
30
32
32.5
32.5
33
33
35
35
35
38
38
41
41
44
44
44
47
49
49
49
54
54
62
67
67
67
76
807.93
807.93
807.93
807.93
807.93
807.93
807.93
807.93
807.93
807.93
848.21
848.21
848.21
848.21
848.21
848.21
936.59
936.59
936.59
936.59
936.59
1070.19
1070.19
1110.39
1110.39
1163.88
1163.88
1257.57
1257.57
1257.57
1337.83
1391.24
1699.08
1872.89
1872.89
1926.44
2006.63
2006.63
2300.90
2470.94
2726.34
3287.07
3974.90
4382.56
4790.29
4917.61
4994.04
5096.07
5274.37
