[SOURCE:CATALOG_UNIOR-TEPID_INDUSTRIAL_2025_rev5] [PAGE:1101]
Surub TX
Surub TX
Surub TQ
Surub TW
Masurari - tabele conversii
TX
TX
TX
TX
TX
TX
TX
TX
TX
TX
TX
TX
TX
TX
TX
TX
TX
TX
TX
TX
TX
1
2
3
4
5
6
7
8
9
10
15
20
25
27
30
40
45
50
55
60
70
mm
0,84
0,94
1,12
1,30
1,37
1,65
1,97
2,30
2,48
2,72
3,26
3,84
4,40
4,96
5,49
6,60
7,77
8,79
11,17
13,20
15,49
1
2
3
4
5
6
7
8
9
10
15
20
25
27
30
40
45
50
55
60
70
IP
IP
IP
IP
IP
IP
IP
IP
IP
IP
IP
IP
IP
IP
IP
IP
IP
IP
IP
IP
IP
mm
0,84
0,95
1,13
1,29
1,41
1,69
1,97
2,29
2,48
2,72
3,25
3,84
4,39
4,95
5,49
6,60
7,77
8,79
11,16
13,20
15,48
0
1
2
3
4
5
6
8
10
1/4”
5/16”
3/8”
7/16”
1/2”
mm
0,43
0,43
0,43
0,48
0,56
0,63
0,71
0,84
0,96
1,27
1,60
1,90
2,23
2,54
Surub ZX
Surub SQ
Surub SP
00
0
1
2
3
4
1,27
1,78
2,31
2,85
3,37
4,84
1,4
2
2,5
3,1
3,7
5,1
M
M
M
M
4
5
6
8
M 10
M 12
M 14
M 16
M 18
M 20
3,83
4,80
6,00
7,20
9,60
11,41
13,22
15,63
16,85
19,25
0
1
2
3
4
5
6
7
8
9
10
4
6
8
10
mm
0,45
0,57
0,75
0,95
1,08
1,23
1,54
1,87
2,17
2,48
2,78
mm
1,52
2,41
2,79
3,30
