[SOURCE:CATALOG_UNIOR-TEPID_INDUSTRIAL_2025_rev5] [PAGE:134]
12DS 3/4”
12DH 3/4”
Cap cheie tubulara de impact 3/4" 8 laturi, scurt
• patrat de antrenare 3/4” DIN 3121 - forma H20
Cap cheie tubulara de impact 3/4" 12 laturi, scurt
• patrat de antrenare 3/4” DIN 3121 - forma H20
Dimensiune            D1              D2              L            t min         Greutate
MM/inch              mm            mm            mm           mm               gr
1222M35DS
1224M38DS
1226M41DS
1227M43DS
1229M46DS
1220DS
1221DS
1222M35DS inch
1223DS
1224M38DS inch
1225DS
1226M41DS inch
35
38
41
43
46
1 1/4"
1 5/16"
1 3/8"
1 7/16"
1 1/2"
1 9/16"
1 5/8"
1227M43DS inch
1 11/16"
1228DS
1 3/4"
1229M46DS inch
1 13/16"
1230DS
1 7/8”
12LDS 3/4”
67
67
78
82
82
60
63
67
67
67
78
78
82
82
82
82
44
44
54
54
54
44
44
44
44
44
54
54
54
54
54
54
53
57
57
62
63
53
53
53
57
57
57
57
62
63
63
65
19
22
22
25
25.5
17
19
19
19
22
22
22
25
25.5
25.5
27
620
680
1000
1200
1180
550
640
620
720
680
930
1000
1200
1150
1180
1220
195.93
195.93
201.54
212.46
247.43
195.93
195.93
195.93
195.93
195.93
195.93
201.54
212.46
230.46
247.43
389.36
Cap cheie tubulara de impact 3/4" 8 laturi, lung
• patrat de antrenare 3/4” DIN 3121 - forma H20
Dimensiune            D1              D2              L            t min         Greutate
MM/inch              mm            mm            mm           mm               gr
1222M35LDS
1224M38LDS
1226M41LDS
1227M43LDS
1229M46LDS
35
38
41
43
46
1220LDS
1221LDS
1 1/4"
1 5/16"
1222M35LDS inch
1 3/8"
1223LDS
1 7/16"
1224M38LDS inch
1 1/2"
1225LDS
1 9/16"
1226M41LDS inch
1 5/8"
1227M43LDS inch
1 11/16"
1228LDS
1 3/4"
1229M46LDS inch
1 13/16"
1230LDS
1 7/8"
67
67
78
82
82
60
63
67
67
67
78
78
82
82
82
82
44
44
54
54
54
44
44
44
44
44
54
54
54
54
54
54
81
81
81
81
81
81
81
81
81
81
81
81
81
81
81
81
19
22
22
25
25.5
17
19
19
19
22
22
22
25
25.5
25.5
27
820
750
1200
1300
1300
770
770
820
800
750
1200
1200
1300
1300
1300
1300
367.97
388.25
486.59
499.35
527.68
338.39
338.39
367.97
388.25
388.25
447.57
486.59
499.35
511.97
527.68
542.14
Dimensiune            D1              D2              L            t min         Greutate
MM/inch              mm            mm            mm           mm               gr
12M17DH
12M18DH
1212M19DH
12M20DH
12M21DH
12M22DH
12M23DH
12M24DH
12M25DH
12M26DH
1217M27DH
12M28DH
12M29DH
1219M30DH
12M31DH
12M32DH
12M33DH
12M34DH
1222M35DH
12M36DH
12M37DH
1224M38DH
12M39DH
12M40DH
1226M41DH
12M42DH
1227M43DH
12M44DH
12M45DH
1229M46DH
12M47DH
12M48DH
1231M49DH
12M50DH
1232M51DH
12M52DH
1234M54DH
12M55DH
12M56DH
1236M57DH
12M58DH
1237M59DH
12M60DH
12M61DH
1211DH
1212M19DH inch
1213DH
1214DH
1215DH
1216DH
17
18
19
20
21
22
23
24
25
26
27
28
29
30
31
32
33
34
35
36
37
38
39
40
41
42
43
44
45
46
47
48
49
50
51
52
54
55
56
57
58
59
60
61
11/16"
3/4"
13/16"
7/8"
15/16"
1"
29
32
32
35
35
38
38
40
41
41
41
44
44
44
49
49
49
52
52
52
54
54
57
57
57
60
63
63
63
67
67
67
70
70
73
73
73
78
78
82
82
82
82
86
29
32
35
38
40
41
44
44
44
44
44
44
44
44
44
44
44
44
44
44
44
44
44
44
44
44
44
44
44
44
44
44
44
44
44
44
54
54
54
54
54
54
54
54
54
54
54
54
54
54
44
44
44
44
44
44
45
45
45
46
46
46
46
46
46
46
48
48
52
52
52
52
55
55
55
56
56
59
59
59
59
59
64
64
64
64
64
67
67
67
67
70
71
71
74
75
75
75
75
75
45
45
46
46
46
46
9
9
9.5
10
11
11
13
13
13
13
13
14
16.5
16.5
17
17
17
19
19
19
19
22
22
22
22
22
25
25
25.5
25.5
25.5
27
27
27
27
27
30
30
32
33
33
33
33
35
9
9.5
11
13
13
13
290
290
290
340
340
340
340
340
340
340
380
380
380
380
420
420
430
460
460
460
490
490
520
520
520
550
600
600
600
850
850
910
950
950
1040
1040
1040
1200
1200
1320
1320
1320
1320
1430
290
290
340
340
340
340
112.32
112.32
112.32
121.76
121.76
121.76
121.76
121.76
128.65
128.65
131.95
131.95
131.95
131.95
174.23
174.23
174.23
174.23
174.23
174.23
187.64
187.64
187.64
216.90
216.90
228.88
228.88
253.24
280.04
280.04
280.04
319.59
319.59
319.59
339.69
339.69
393.59
393.59
404.44
422.00
437.10
437.10
512.23
580.09
112.32
112.32
121.76
121.76
121.76
128.65
