[SOURCE:CATALOG_UNIOR-TEPID_INDUSTRIAL_2025_rev5] [PAGE:146]
16LT 1”
750 L
Cap cheie tubulara de impact 1" 6 laturi, cu pereti 
subtiri, lung
• patrat de antrenare 1” DIN 3121 - forma H 25
• hexagon interior conform DIN 475/2
Capete chei tubulare lungi de impact 1"
• material: crom molibden
• actionare: patrat 1”
• conform DIN 3121 - H 25
• deschidere: hexagon DIN / ISO 691 
1000075040
1000075042
1000075043
1000075044
1000075045
1000075047
1000075048
1000075049
1000075050
1000075051
1000075052
1000075053
1000075054
1000075055
1000075056
1000075057
1000075058
1000075059
1000075060
1000075061
1000075062
D2
D1
L
T
54
54
54
54
54
54
54
54
54
54
54
54
54
54
54
54
54
54
54
86
86
35,5
40,0
41,0
42,0
46,0
50,0
52,0
53,0
55,0
57,0
59,5
60,0
64,0
69,5
75,0
81,0
87,0
93,0
99,0
100
100
100
100
100
100
100
100
100
100
100
100
100
100
100
100
105
125
125
104,0
135
109,0
135
21,0
21,0
21,0
21,0
23,0
50,0
50,0
50,0
50,0
64,0
64,0
64,0
64,0
62,0
62,0
60,0
77,0
80,0
80,0
87,0
87,0
19
22
23
24
27
30
32
33
34
36
38
39
41
46
50
55
60
65
70
75
80
940
953
932
985
985
1056
1065
1106
1117
1096
1204
1240
1273
1444
1632
1699
2747
3244
3623
3680
5592
 1C 
 1C 
 1C 
 1C 
 1C 
 1C 
 1C 
 1C 
 1C 
 1C 
 1C 
 1C 
 1C 
 1C 
 1C 
 1C 
 1C 
 1C 
 1C 
 1C 
 1C 
1
1
1
1
1
1
1
1
1
1
1
1
1
1
1
1
1
1
1
1
1
351.27
303.28
303.28
303.28
303.28
303.28
303.28
303.28
303.28
326.23
377.05
396.72
418.03
490.16
590.16
637.70
801.64
998.36
1204.92
1855.71
2210.06
Dimensiune         D1            D2 
MM/inch           mm           mm 
           L              t min          Greutate
       mm            mm                gr
16M22LT
16M23LT
16M24LT
16M25LT
16M26LT
1617M27LT
16M28LT
16M29LT
1619M30LT
16M31LT
16M32LT
16M33LT
16M34LT
1622M35LT
16M36LT
16M37LT
1624M38LT
16M39LT
16M40LT
1626M41LT
16M42LT
1627M43LT
16M44LT
16M45LT
1629M46LT
1614LT
1615LT
1616LT
1617M27LT inch
1618LT
1619M30LT inch
1620LT
1621LT
1622M35LT inch
22
23
24
25
26
27
28
29
30
31
32
33
34
35
36
37
38
39
40
41
42
43
44
45
46
7/8"
15/16"
1"
1.1/16"
1.1/8"
1.3/16"
1.1/4"
1.5/16"
1.3/8"
38
38
38
41
44
44
44
44
49
49
49
52
52
52
53.5
53.5
57
57
60
60
60
63
63
67
67
38
38
41
44
44
49
49
52
52
1623LT
1.7/16"
53.5
1624M38LT inch
1625LT
1626M41LT inch
1.1/2"
1.9/16"
1.5/8"
1627M43LT inch
1.11/16"
1628LT
1.3/4"
1629M46LT inch
1.13/16"
57
57
60
63
67
67
54
54
54
54
54
54
54
54
54
54
54
54
54
54
54
54
54
54
54
54
54
54
54
54
54
54
54
54
54
54
54
54
54
54
54
54
54
54
54
54
54
100
100
100
100
100
100
100
100
100
100
100
100
100
100
100
100
100
100
100
100
100
100
100
100
100
100
100
100
100
100
100
100
100
100
100
100
100
100
100
100
100
10
13
13
13
13
13
14
16.5
16.5
17
17
17
19
19
19
19
22
22
22
22
22
25
25
25.5
25.5
10
13
13
13
16.5
16.5
17
19
19
19
22
22
22
25
25.5
25.5
780
780
780
800
800
800
800
800
800
800
800
800
800
800
950
1100
1100
1100
1200
1200
1200
1300
1300
1500
1500
780
780
800
800
800
800
800
800
800
950
1100
1100
1200
1300
1500
1500
302.13
302.13
337.99
337.99
337.99
337.99
337.99
337.99
337.99
348.00
348.00
348.00
348.00
348.00
348.00
391.04
391.04
459.09
459.09
459.09
467.21
467.21
510.25
540.17
540.17
302.13
302.13
337.99
337.99
337.99
337.99
348.00
348.00
348.00
348.00
391.04
459.09
459.09
467.21
510.25
540.17
