[SOURCE:CATALOG_UNIOR-TEPID_INDUSTRIAL_2025_rev5] [PAGE:31]
250C
Cheie inelara simpla cotita
• material: crom vanadiu
• executie in conformitate cu standardul DIN ISO 691
178/2
Cheie inelara simpla cotita
• material: crom vanadiu
• forjata, calire si revenire totala
• acoperire cromare conform EN12540
2502403
2502703
2503003
2503203
2503603
2504103
2504603
2505003
2505503
2506003
2506503
2507003
2507503
2508003
L
179
190
200
235
244
265
280
289
300
345
355
364
370
387
24
27
30
32
36
41
46
50
55
60
65
70
75
80
1
390
466
514
710
786
916
1188
1390
1496
2250
2600
2800
3800
3850
231.00
276.53
316.23
369.59
443.57
527.10
622.99
706.74
940.02
1251.24
1491.38
1491.38
2092.77
2208.83
A
17
17
17
18
18
18
22
22
22
30
30
40
45
B
d
H
42
42
42
50
50
55
70
70
75
94
94
125
140
18.5
18.5
18.5
20.5
20.5
20.5
23.5
23.5
23.5
29.5
29.5
29.5
29.5
30
30
30
35
35
35
40
40
40
50
50
59
63
L
180
180
180
235
235
235
265
265
265
345
345
385
410
1
481
456
454
733
686
712
143.44
158.36
172.62
191.64
237.05
252.62
1208
283.44
1218
333.11
1156
370.33
2512
517.05
2582
763.44
3741
1011.85
3941
1298.64
24
27
30
32
36
41
46
50
55
60
65
85
90
620821
620822
620823
620824
620825
620826
620827
620828
620829
620830
620831
620835
620836
178.1/2
Maner de antrenare pentru 178/2
•  material:crom molibden
•  acoperire cromare conform EN12540
D
25
27
30
d
19
21
24
L
460
744
610 1049
760 1509
145.74
204.92
266.39
620840 24 - 30
620841 32 - 41
620842 46 - 55
260C
Maner de antrenare pentru 250C
• material: crom vanadiu
• acoperire: cromare
2600013
2600023
2600033
22 - 30
32 - 41
46 - 55
2600043
60 - 105
Nr
1
2
3
4
L
460
610
760
860
602
920
203.15
314.99
2150
410.30
2850
694.45
