[SOURCE:CATALOG_UNIOR-TEPID_INDUSTRIAL_2025_rev5] [PAGE:970]
NOU
NOU
004
Cheie inelara pentru schele
Al-Bron 
• material: Al-Bron 
Cheie fixa pentru schele
Al-Bron 
• material: Al-Bron 
Cheie inelara dubla drepta
antiex MZW
• material: MZW
75425
75427
75429
75431
75433
75435
75437
75439
77437
75441
77439
75443
71732
76524
71733
77441
77443
71734
77445
77447
71735
71736
77449
77451
77453
71737
77455
71738
71739
77457
71740
71741
77459
71742
75445
75447
10
11
12
13
14
15
16
17
18
19
20
21
22
23
24
25
26
27
28
29
30
32
33
34
35
36
37
38
41
42
44
46
47
50
55
60
L
200
210
220
230
240
250
260
270
270
270
270
270
270
290
290
320
320
320
350
350
350
370
390
390
390
390
400
400
410
420
420
420
430
430
550
600
90
100
110
120
140
170
190
200
230
330
330
360
500
500
500
500
500
700
700
700
800
800
800
900
900
1000
1000
1000
1000
1100
1100
1100
1300
1300
2100
2500
939.84
989.33
1041.46
1096.41
1153.91
1214.64
1278.51
1345.93
1416.82
1416.82
1491.18
1491.18
1569.75
1569.75
1569.75
1569.75
1918.50
1918.50
1918.50
1918.50
1918.50
1918.50
1918.50
2379.29
2840.33
2840.33
3145.87
3450.75
4783.79
5064.13
5344.30
5344.30
5568.79
5793.11
6082.95
6387.08
NOU
Cheie tubulara 32 mm cu clichet
pentru schele Al-Bron 
• material: Al-Bron 
79035
32
L
320
1000
3322.60
75451
77491
75453
77493
77495
75455
77497
75457
77499
77501
75459
77503
77505
75461
73941
77507
77509
77511
73943
77513
77515
73945
77517
73947
77519
73949
17
18
19
20
21
22
23
24
25
26
27
28
29
30
32
33
34
35
36
37
38
41
42
46
47
50
L
320
350
350
350
350
350
370
370
370
370
370
370
400
400
400
400
430
430
430
430
470
470
470
500
500
550
210
300
320
320
410
430
450
480
480
600
650
650
750
800
850
850
900
900
1200
1200
1200
1900
1900
2800
2800
3700
Cheie tubulara pentru schele
Al-Bron 
• material: Al-Bron 
36747
36748
36749
36750
36751
36073
36752
36753
35793
36754
36755
35795
36756
36757
10 x 13
12 x 14
13 x 17
17 x 19
19 x 21
19 x 22
19 x 24
22 x 24
24 x 27
24 x 30
27 x 32
30 x 32
32 x 36
36 x 41
L
210
210
250
290
310
310
330
330
350
370
370
370
390
390
350
350
410
450
580
580
620
620
730
800
900
900
1150
1500
847.05
969.91
1092.77
1235.46
1289.08
1289.08
1460.94
1460.94
1460.94
1657.50
1657.50
1657.50
1718.89
1718.89
1718.89
1841.67
1964.44
2087.30
2209.83
2332.53
3879.40
3069.36
3683.25
4296.97
4911.03
5525.00
NOU
2099.78
2099.78
2347.48
2487.53
2596.10
2596.10
2831.98
3331.77
3814.62
4018.95
4076.12
4117.27
4561.03
5159.64
METALMINOTTI
COOPER AND UNCONVENTIONAL COOPER ALLOYS
004 0607
6 x 7
004 0810
004 0911
8 x 10
9 x 11
004 2426
24 x 26
004 5055
50 x 55
004 6065
60 x 65
L
120
130
145
260
420
500
METALMINOTTI
20
30
30
200
1500
3200
157.38
163.93
163.93
301.64
2439.34
2780.33
003
Cheie inelara dublu cotita
antiex MZW
• material: MZW
METALMINOTTI
COOPER AND UNCONVENTIONAL COOPER ALLOYS
003 0607
003 0809
6 x 7
8 x 9
003 1011
10 x 11
003 1213
12 x 13
003 1415
14 x 15
003 1416
14 x 16
003 1417
14 x 17
003 1617
16 x 17
003 1719
17 x 19
003 1819
18 x 19
003 1922
19 x 22
003 2022
20 x 22
003 2123
21 x 23
003 2224
22 x 24
003 2426
24 x 26
003 2427
24 x 27
003 2528
25 x 28
003 2629
26 x 29
L
160
160
175
190
220
220
240
240
265
265
280
280
290
290
330
330
330
330
METALMINOTTI
80
80
100
120
150
200
200
200
300
300
400
400
400
400
600
600
600
600
209.84
222.95
236.07
249.18
262.30
275.41
288.52
327.87
367.21
406.56
445.90
485.25
537.70
590.16
642.62
695.08
747.54
852.46
