[SOURCE:CATALOG_UNIOR-TEPID_INDUSTRIAL_2025_rev5] [PAGE:985]
042
Capete chei tubulare hexagonale 
1"
• material: MZW
L
METALMINOTTI
COOPER AND UNCONVENTIONAL COOPER ALLOYS
042 7001
042 7501
042 8001
042 8501
042 9001
042 9501
70
75
80
85
90
95
042 1001
100
Cap cheie tubulara scurta 1”
6 laturi antiex Al-Bron
• material: Al-Bron
4327.87
4852.46
5442.62
5967.21
6819.67
7868.85
9442.62
NOU
75799
75801
75803
75805
75807
75809
75811
75813
75815
1.1/16”
1.1/8”
1.3/16”
1.1/4”
1.5/16”
1.3/8”
1.7/16”
1.1/2”
1.5/8”
77829
1.13/16”
75817
75819
77831
75821
77833
75823
77835
75825
1.7/8”
2”
2.1/8”
2.1/4”
2.3/8”
2.1/2”
2.9/16”
2.3/4”
77837
2.15/16”
75827
77839
3”
3.1/8”
L
55
55
60
60
60
60
60
60
65
65
65
70
70
75
75
75
75
80
80
80
80
360
360
400
430
440
440
460
500
550
700
700
800
850
1000
1250
1250
1400
1400
1500
1500
2300
Cap cheie tubulara scurta 1”
12 laturi antiex Al-Bron
• material: Al-Bron
L
55
55
55
55
55
55
55
60
60
60
60
60
60
65
65
65
70
75
75
80
80
85
85
85
90
90
90
95
22
24
25
26
27
28
29
30
31
32
34
36
38
41
42
46
50
55
60
65
70
75
80
85
90
95
100
105
75773
75775
75777
75779
75781
75783
75785
75787
75789
75791
75793
75795
75797
71250
71251
71252
71253
71254
71255
71256
71257
71258
71259
71260
71261
71262
71263
71264
330
340
340
350
360
370
370
400
410
440
450
460
500
600
700
800
1000
1100
1400
1500
1500
2000
2200
4600
4800
4900
5000
5200
1348.65
1489.11
1744.58
1840.51
1904.46
1942.88
1987.66
2032.36
2198.60
2351.86
2479.68
2658.72
2863.30
3253.20
3430.67
3617.65
3975.16
4486.67
5010.67
5560.36
6122.94
6685.35
7266.94
8367.31
9203.95
11212.18
13371.12
14608.48
L
55
55
55
55
55
55
55
60
60
60
60
60
60
65
65
65
70
75
75
80
80
85
22
24
25
26
27
28
29
30
31
32
34
36
38
41
42
46
50
55
60
65
70
75
75829
75831
75833
75835
75837
75839
75841
75843
75845
75847
75849
75851
75853
74593
74594
74595
74596
74597
74598
74599
74600
74601
330
340
340
350
360
370
370
400
410
440
450
460
500
600
700
800
1000
1100
1400
1500
1500
2000
2299.89
2354.84
2608.90
2780.92
2855.94
2890.32
2972.69
3370.85
3404.15
3628.39
3852.63
4242.28
4554.84
4867.15
5144.68
5421.97
5840.95
6259.68
6596.04
6932.31
7273.96
NOU
1348.65
1489.11
1744.58
1840.51
1904.46
1942.88
1987.66
2032.36
2198.60
2351.86
2479.68
2658.72
2863.30
3253.20
3430.67
3617.65
3975.16
4486.67
5010.67
5560.36
6122.94
6685.35
74602
74603
74604
74605
74606
74607
75855
75857
75859
75861
75863
75865
75867
75869
75871
80
85
90
95
100
105
1.1/16”
1.1/8”
1.3/16”
1.1/4”
1.5/16”
1.3/8”
1.7/16”
1.1/2”
1.5/8”
77841
1.13/16”
75873
75875
77843
75877
77845
75879
77847
75881
1.7/8”
2”
2.1/8”
2.1/4”
2.3/8”
2.1/2”
2.9/16”
2.3/4”
77849
2.15/16”
75883
77851
3”
3.1/8”
L
85
85
90
90
90
95
55
55
60
60
60
60
60
60
65
65
65
70
70
75
75
75
75
80
80
80
80
2200
4600
4800
4900
5000
5200
360
360
400
430
440
440
460
500
550
700
700
800
850
1000
1250
1250
1400
1400
1500
1500
2300
7266.94
8367.31
9203.95
11212.18
13371.12
14608.48
2299.89
2354.84
2608.90
2780.92
2855.94
2890.32
2972.69
3370.85
3404.15
3628.39
3852.63
4242.28
4554.84
4867.15
5144.68
5421.97
5840.95
6259.68
6596.04
6932.31
7273.96
NOU
Cap cheie tubulara lunga 1”
6 laturi antiex Al-Bron
• material: Al-Bron
L
100
100
100
100
100
100
100
100
100
100
100
100
100
100
100
22
24
25
26
27
28
29
30
31
32
34
36
38
41
42
35371
35373
35375
35377
35379
35381
35383
35385
35387
35389
35391
35393
35395
35397
35399
800
800
800
800
800
800
800
800
800
800
850
900
950
1000
1050
2691.77
2959.47
3452.48
3626.49
3490.57
3557.00
3622.77
3687.79
3959.79
4060.17
4261.44
4547.90
4875.42
5360.91
5445.02
