[SOURCE:CATALOG_UNIOR-TEPID_INDUSTRIAL_2025_rev5] [PAGE:972]
NOU
NOU
Cheie inelara cotita de soc
antiex Al-Bron
• material: Al-Bron
• sculele antiex EGA Master sunt cea mai buna alternativa 
pentru aplicatii in medii potential explozive
• toate sculele sunt forjate dupa turnare pentru a obtine cea
mai înalta calitate de pe piata de scule cu un finisaj atractiv. 
Cheie inelara simpla antiex
Al-Bron
• material: Al-Bron
• sculele antiex EGA Master sunt cea mai buna alternativa 
pentru aplicatii in medii potential explozive
• toate sculele sunt forjate dupa turnare pentru a obtine cea
mai înalta calitate de pe piata de scule cu un finisaj atractiv. 
75466
75468
74123
74125
74127
36411
74129
72993
36412
74131
36413
36414
36415
36416
74133
36417
36418
74135
36419
73594
36420
36421
36422
36423
73596
73598
36424
73600
73602
36425
36426
73604
73606
73608
73610
73612
36493
73614
36495
73616
36497
36499
36501
36503
36505
36507
36509
22
24
27
30
32
34
36
38
40
41
42
43
44
45
46
47
48
50
54
55
56
57
58
59
60
65
67
70
75
76
78
80
85
90
95
100
105
110
115
120
125
130
135
140
145
150
155
L
220
220
240
270
270
280
280
305
300
300
300
310
310
310
310
310
320
320
320
320
320
350
350
350
350
380
400
400
420
430
430
430
440
440
440
440
460
440
470
440
490
520
520
520
570
570
600
500
500
650
900
900
1050
1000
1300
1300
1300
1850
1850
1850
1900
1900
1900
2000
2000
2200
2200
2400
2900
2900
2900
2900
3200
4050
4200
4200
5500
5500
5500
6200
6200
7000
7000
8400
8400
8900
8900
11550
13200
13200
13200
15400
15400
17600
1627.26
1712.77
1803.33
2556.93
2586.18
2682.52
2682.44
3547.09
3547.09
3547.09
4441.07
4441.07
4441.07
4441.07
4441.07
4987.95
4987.95
4987.95
5453.69
5453.69
6584.14
6584.14
6584.14
6584.14
6584.14
7693.02
8764.39
8764.39
9185.61
11328.60
11328.60
11328.60
13042.86
13094.42
14358.05
14860.15
14978.96
14978.96
15296.90
15296.90
21540.55
24616.85
26114.22
27292.26
29378.57
30688.06
33137.75
73994
73996
73998
76022
74000
77153
74002
74004
74006
74008
74010
74012
74014
76719
74016
76721
76723
74018
76725
76727
74020
74022
76729
74024
77155
74026
76089
74028
74030
77159
74032
74034
77161
74036
74038
77163
77165
74040
74042
77167
74044
77169
74046
77171
74048
77173
8
10
12
13
14
15
16
17
18
19
20
21
22
23
24
25
26
27
28
29
30
32
33
34
35
36
37
38
41
42
45
46
47
48
50
52
54
55
56
58
60
63
65
67
70
71
L
100
110
120
130
130
140
145
150
160
170
175
185
190
210
210
215
230
230
230
250
250
270
270
280
290
290
290
300
310
320
320
330
340
340
350
370
370
370
370
370
390
410
410
430
430
450
25
35
50
75
75
85
120
130
135
170
180
185
195
210
250
250
250
340
340
340
450
500
500
650
650
750
750
850
950
950
1200
1250
1250
1400
1500
1500
1500
1700
1750
1750
1900
1900
2200
2200
2600
2600
205.90
228.62
251.50
285.88
343.13
400.31
434.60
457.40
503.17
526.06
548.86
594.72
617.61
663.21
708.99
754.68
777.73
800.53
823.42
846.22
869.11
914.88
949.26
1052.04
1074.92
1097.89
1143.58
1200.92
1315.11
1486.72
1543.81
1600.98
1829.69
1886.94
1944.12
2058.47
2172.90
2401.52
2515.87
2630.38
2744.49
3202.22
3545.19
3659.62
4117.02
4231.45
74050
77175
74052
77177
74054
77179
77181
77183
77185
75
77
80
82
85
88
90
94
95
L
450
470
470
490
490
600
650
650
650
3200
3200
4000
4000
4400
4450
5500
5500
5500
4574.58
4746.19
5718.00
5946.87
6289.75
6404.27
7433.42
7662.20
7890.90
NOU
Cheie inelara simpla indoita
antiex Al-Bron
• material: Al-Bron
• sculele antiex EGA Master sunt cea mai buna alternativa 
pentru aplicatii in medii potential explozive
• toate sculele sunt forjate dupa turnare pentru a obtine cea
mai înalta calitate de pe piata de scule cu un finisaj atractiv. 
L
120
160
150
175
175
200
200
200
200
250
250
290
290
300
300
340
340
340
370
400
430
450
470
490
65
90
95
150
150
220
220
320
320
550
550
600
600
800
800
1000
1250
1250
2000
2400
2500
3500
3900
4200
965.70
998.58
1024.86
1057.66
1090.21
1221.83
1497.46
1517.37
1812.83
1983.86
2607.75
2890.23
3074.07
3330.37
3704.73
4164.44
4597.97
4716.28
4834.76
5222.02
6004.04
6726.33
7238.51
8375.24
10
12
14
16
17
19
22
24
27
30
32
34
36
38
41
46
50
51
55
60
65
70
75
80
74057
74059
74061
74063
74065
74067
74069
74071
74073
74075
74077
74079
74081
74083
74085
74087
74089
74379
74091
74093
74095
74097
74099
74101
063
Cheie cu gheara articulata
• material: MZW
METALMINOTTI
COOPER AND UNCONVENTIONAL COOPER ALLOYS
063 3810
50 / 120
L
300
METALMINOTTI
600
1022.95
