[SOURCE:CATALOG_UNIOR-TEPID_INDUSTRIAL_2025_rev5] [PAGE:87]
197/1 6p
Capete chei tubulare 3/4"
•  material:crom vanadiu
•  forjata, calire si revenire totala
•  acoperire cromare conform EN12540
•  polizate
•  executie in concordanta cu standardul ISO 2725-1 (numai pentru dimensiunea 
in mm)
197/1 12p
Capete chei tubulare 3/4" cu 12 laturi
•  material: crom vanadiu
•  forjata, calire si revenire totala
•  acoperire cromare conform EN12540
•  polizate
•  executie in concordanta cu standardul ISO 2725-1 (numai pentru dimensiunea 
in mm)
D1
32.2
33.2
34.2
37
38
39.5
42
44
47
50
52
56
62
68
74
80
D2
36
36
36
36
36
36
38
38
38
42
45
45
47
48
48
48
L
50
50
51
52
52
52
54
56
56
58
60
64
68
72
76
78
T
14
14
16
16
22
22
24
26
26
28
28
30
34
36
40
42
215
216
224
220
224
234
254
282
329
372
473
487
566
683
828
993
 1B 
 1B 
 1B 
 1B 
 1B 
 1B 
 1B 
 1B 
 1B 
 1B 
 1B 
 1B 
 1B 
 1B 
 1B 
 1B 
10
10
10
10
10
10
10
10
5
5
5
5
1
1
1
1
60.16
60.16
63.61
65.57
68.52
70.16
72.62
76.72
80.66
86.39
94.75
103.77
126.72
160.00
173.11
196.72
618666
618667
618668
618669
618670
618671
618672
618673
618674
618675
618676
618677
618678
618679
618680
618681
22
23
24
26
27
28
30
32
34
36
38
41
46
50
55
60
197/2AHX
Capete chei tubulare 3/4" cu profil hexagonal
•  material capete chei tubulare: crom-vanadiu, acoperire cromare
•  bit: otel special de scule
•  capul cheii este tratat in intregime
•  produs conform cu standardul DIN 7422 (doar pentru dimensiunile in mm)
619836
619837
619838
619839
14
17
19
22
D
33.85
33.85
33.85
33.85
L
80
80
80
80
L1
30
30
30
30
267
275
364
381
 1B 
 1B 
 1B 
 1B 
5
5
5
5
95.74
95.74
115.57
115.57
175
220
221
230
230
239
242
270
273
295
347
401
400
488
502
621
708
914
1105
220
231
234
224
265
313
406
415
414
572
595
741
842
 1B 
 1B 
 1B 
 1B 
 1B 
 1B 
 1B 
 1B 
 1B 
 1B 
 1B 
 1B 
 1B 
 1B 
 1B 
 1B 
 1B 
 1B 
 1B 
 1B 
 1B 
 1B 
 1B 
 1B 
 1B 
 1B 
 1B 
 1B 
 1B 
 1B 
 1B 
 1B 
10
10
10
10
10
10
10
10
10
10
5
5
5
5
5
1
1
1
1
10
10
10
10
10
10
5
5
5
5
5
1
1
58.85
60.16
60.16
63.61
65.57
68.52
70.16
72.13
72.62
76.72
80.66
82.62
86.39
94.75
103.77
126.72
160.00
173.11
196.72
65.41
66.56
76.89
76.89
77.87
79.67
89.34
91.64
105.90
112.46
125.25
144.59
156.89
42.1
48.2
619698
602723
602724
602725
602726
602727
602728
619702
602729
602730
602731
619701
602732
602733
602734
602735
602736
617527
603135
19
22
23
24
26
27
28
29
30
32
34
35
36
38
41
46
50
55
60
D1
29.2
32.2
33.2
34.2
37
38
39
38
42
44
47
50
52
56
62
68
74
80
609383
7/8"
609384 15/16"
32.2
34.2
609385
1"
609386 1.1/16"
609387 1.1/8"
609388 1.1/4"
609390 1.3/8"
609391 1.7/16"
609392 1.1/2"
609393 1.5/8"
609394 1.11/16"
609396 1.7/8"
609397
2"
37
38
40
44
48
50
52
56
58
64
68
D2
32.9
36
36
36
36
36
36
L
50
50
50
51
52
52
52
T
14.5
14
14
16
16
22
22
40.6
51.8
24.1
38
38
38
42
45
45
48
48
48
48
36
36
36
36
38
38
42
42
45
45
45
48
48
54
56
56
58
58
60
64
68
72
76
78
50
51
52
52
52
56
58
58
60
64
65
70
72
24
26
26
30.3
28
28
30
34
36
32
42
14
16
16
22
22
24
26
28
28
30
32
34
36
