[SOURCE:CATALOG_UNIOR-TEPID_INDUSTRIAL_2025_rev5] [PAGE:429]
Ø
d2
L
Lu
Amb
Ø
d2
L
Lu
Amb
Ø
d2
L
Lu
Amb
30,00
30,50
31,00
31,50
32,00
32,50
33,00
33,50
34,00
34,50
35,00
35,50
36,00
36,50
37,00
37,50
38,00
38,50
39,00
39,50
40,00
40,50
41,00
41,50
42,00
42,50
43,00
43,50
44,00
44,50
45,00
45,50
46,00
46,50
47,00
47,50
48,00
48,50
49,00
49,50
50,00
51,00
52,00
53,00
54,00
55,00
56,00
57,00
58,00
59,00
60,00
14500303000
14500303050
14500303100
14500303150
14500303200
14500303250
14500303300
14500303350
14500303400
14500303450
14500303500
14500303550
14500303600
14500303650
14500303700
14500303750
14500303800
14500303850
14500303900
14500303950
14500304000
14500304050
14500304100
14500304150
14500304200
14500304250
14500304300
14500304350
14500304400
14500304450
14500304500
14500304550
14500304600
14500304650
14500304700
14500304750
14500304800
14500304850
14500304900
14500304950
14500305000
14501505100
14501505200
14501505300
14501505400
14501505500
14501505600
14501505700
14501505800
14501505900
14501506000
1451
CM3
CM3
CM3
CM3
CM4
CM4
CM4
CM4
CM4
CM4
CM4
CM4
CM4
CM4
CM4
CM4
CM4
CM4
CM4
CM4
CM4
CM4
CM4
CM4
CM4
CM4
CM4
CM4
CM4
CM4
CM4
CM4
CM4
CM4
CM4
CM4
CM4
CM4
CM4
CM4
CM4
CM5
CM5
CM5
CM5
CM5
CM5
CM5
CM5
CM5
CM5
296
301
301
301
334
334
334
334
339
339
339
339
344
344
344
344
349
349
349
349
349
354
354
354
354
354
359
359
359
359
359
364
364
364
364
364
369
369
369
369
369
412
412
412
417
417
417
422
422
422
422
175
180
180
180
185
185
185
185
190
190
190
190
195
195
195
195
200
200
200
200
200
205
205
205
205
205
210
210
210
210
210
215
215
215
215
215
220
220
220
220
220
225
225
225
230
230
230
235
235
235
235
1
1
1
1
1
1
1
1
1
1
1
1
1
1
1
1
1
1
1
1
1
1
1
1
1
1
1
1
1
1
1
1
1
1
1
1
1
1
1
1
1
1
1
1
1
1
1
1
1
1
1
216.39
245.08
259.18
275.25
292.79
292.79
298.36
328.36
328.36
333.61
388.52
388.52
395.25
400.82
449.67
449.67
449.67
449.67
503.28
503.28
522.95
522.95
522.95
532.13
532.13
532.13
542.46
551.80
562.30
570.33
641.15
641.15
641.15
650.16
719.51
739.34
739.34
749.02
749.02
768.85
768.85
1050.33
1050.98
1050.98
1157.54
1160.00
1183.44
1365.57
1365.57
1376.89
1376.89
Burghie cilindrice cu coada conica
pentru metal DIN 345, tip N, 118°, HSS,
rectificate
• burghie cilindrice cu coada conica / Con Morse, pentru metal,
conform DIN 345, tip N, 118°
• material : HSS;  fatetele si conul rectificate
• ascutirea conform DIN 1412 tip A,
• taiere pe dreapta, unghiul spirei 20-30°, toleranta diametrului h8
• destinate pentru gaurire in oteluri ne aliate si aliate, cu 
σr ≤ 800 N / mm², oteluri pentru 
tratament termic cu σr≤1100 N/mm², gaurire in materiale
neferoase ( aliaje de aluminiu, cupru si bronzuri ) si in mase plastice
• se pot folosi pe masini de gaurit, utilaje stationare
DIN
345
HSS
Typ
N
800
N/mm²
118°
Ø
d2
L
Lu
Amb
14510301000
14510301025
14510301050
14510301075
14510301100
14510301125
14510301150
14510301175
14510301200
14510301225
14510301250
14510301275
10,0
10,25
10,50
10,75
11,00
11,25
11,50
11,75
12,00
12,25
12,50
12,75
CM1
CM1
CM1
CM1
CM1
CM1
CM1
CM1
CM1
CM1
CM1
CM1
168
168
168
175
175
175
175
182
182
182
182
182
87
87
87
94
94
94
94
101
101
101
101
101
1
1
1
1
1
1
1
1
1
1
1
1
112.30
114.75
110.66
129.84
118.69
137.21
125.41
142.95
129.18
147.54
134.10
152.46
14510301300
14510301325
14510301350
14510301375
14510301400
14510301425
14510301450
14510301475
14510301500
14510301525
14510301550
14510301575
14510301600
14510301625
14510301650
14510301675
14510301700
14510301725
14510301750
14510301775
14510301800
14510301825
14510301850
14510301875
14510301900
14510301925
14510301950
14510301975
14510302000
14510302025
14510302050
14510302075
14510302100
14510302125
14510302150
14510302175
14510302200
14510302225
14510302250
14510302275
14510302300
14510302325
14510302350
14510302375
14510302400
14510302425
14510302450
14510302475
14510302500
14510302525
14510302550
14510302575
14510302600
14510302625
14510302650
14510302675
14510302700
14510302725
14510302750
14510302775
14510302800
14510302825
14510302850
14510302875
14510302900
14510302925
14510302950
14510302975
14510303000
14510303050
14510303100
14510303150
14510303200
14510303250
14510303300
14510303350
14510303400
14510303450
14510303500
14510303550
14510303600
14510303650
14510303700
14510303750
14510303800
14510303850
14510303900
14510303950
13,00
13,25
13,50
13,75
14,00
14,25
14,50
14,75
15,00
15,25
15,50
15,75
16,00
16,25
16,50
16,75
17,00
17,25
17,50
17,75
18,00
18,25
18,50
18,75
19,00
19,25
19,50
19,75
20,00
20,25
20,25
20,75
21,00
21,25
21,50
21,75
22,00
22,25
22,50
22,75
23,00
23,25
23,50
23,75
24,00
24,25
24,50
24,75
25,00
25,25
25,50
25,75
26,00
26,25
26,50
26,75
27,00
27,25
27,50
27,75
28,00
28,25
28,50
28,75
29,00
29,25
29,50
29,75
30,00
30,50
31,00
31,50
32,00
32,50
33,00
33,50
34,00
34,50
35,00
35,50
36,00
36,50
37,00
37,50
38,00
38,50
39,00
39,50
CM1
CM1
CM1
CM1
CM1
CM2
CM2
CM2
CM2
CM2
CM2
CM2
CM2
CM2
CM2
CM2
CM2
CM2
CM2
CM2
CM2
CM2
CM2
CM2
CM2
CM2
CM2
CM2
CM2
CM2
CM2
CM2
CM2
CM2
CM2
CM2
CM2
CM2
CM2
CM2
CM2
CM3
CM3
CM3
CM3
CM3
CM3
CM3
CM3
CM3
CM3
CM3
CM3
CM3
CM3
CM3
CM3
CM3
CM3
CM3
CM3
CM3
CM3
CM3
CM3
CM3
CM3
CM3
CM3
CM3
CM3
CM3
CM4
CM4
CM4
CM4
CM4
CM4
CM4
CM4
CM4
CM4
CM4
CM4
CM4
CM4
CM4
CM4
182
189
189
189
189
212
212
212
212
218
218
218
218
223
223
223
228
228
228
228
228
233
233
233
233
238
238
238
238
243
243
243
243
248
248
248
248
253
253
253
253
276
276
281
281
281
281
281
281
286
286
286
286
286
286
291
291
291
291
291
291
296
296
296
296
296
296
296
296
301
301
301
334
334
334
334
339
339
339
339
344
344
344
344
349
349
349
349
101
108
108
108
108
114
114
114
114
120
120
120
120
125
125
125
130
130
130
130
130
135
135
135
135
140
140
140
140
145
145
145
145
150
150
150
150
155
155
155
155
155
155
160
160
160
160
160
160
165
165
165
165
165
165
170
170
170
170
170
170
175
175
175
175
175
175
175
175
180
180
180
185
185
185
185
190
190
190
190
195
195
195
195
200
200
200
200
1
1
1
1
1
1
1
1
1
1
1
1
1
1
1
1
1
1
1
1
1
1
1
1
1
1
1
1
1
1
1
1
1
1
1
1
1
1
1
1
1
1
1
1
1
1
1
1
1
1
1
1
1
1
1
1
1
1
1
1
1
1
1
1
1
1
1
1
1
1
1
1
1
1
1
1
1
1
1
1
1
1
1
1
1
1
1
1
138.03
161.15
146.56
170.49
154.43
173.44
163.93
183.11
165.08
185.25
167.87
181.97
167.87
188.20
176.72
194.59
185.57
201.31
189.84
208.69
196.07
222.46
203.11
237.05
216.39
247.38
225.08
257.38
234.10
278.03
251.64
295.08
273.93
300.98
282.62
321.15
292.62
331.97
302.95
344.43
313.77
362.30
333.11
379.67
344.59
397.21
362.30
417.70
379.67
437.05
397.21
437.05
422.30
459.34
422.30
485.74
441.31
503.44
459.34
523.28
485.74
533.44
507.70
567.21
540.16
607.87
578.85
611.80
611.80
611.80
689.51
689.51
778.03
867.38
867.38
900.66
900.66
927.70
927.70
1012.13
1012.13
1240.98
1240.98
1240.98
1240.98
1251.15
1251.15
1251.15
40,00
40,50
41,00
41,50
42,00
42,50
43,00
43,50
44,00
44,50
45,00
45,50
46,00
46,50
47,00
47,50
48,00
48,50
49,00
49,50
50,00
51,00
52,00
53,00
54,00
55,00
56,00
57,00
58,00
59,00
60,00
65,00
70,00
75,00
14510304000
14510304050
14510304100
14510304150
14510304200
14510304250
14510304300
14510304350
14510304400
14510304450
14510304500
14510304550
14510304600
14510304650
14510304700
14510304750
14510304800
14510304850
14510304900
14510304950
14510305000
14511505100
14511505200
14511505300
14511505400
14511505500
14511505600
14511505700
14511505800
14511505900
14511506000
14511506500
14511507000
14511507500
1500
CM4
CM4
CM4
CM4
CM4
CM4
CM4
CM4
CM4
CM4
CM4
CM4
CM4
CM4
CM4
CM4
CM4
CM4
CM4
CM4
CM4
CM5
CM5
CM5
CM5
CM5
CM5
CM5
CM5
CM5
CM5
CM5
CM5
CM5
349
354
354
354
354
354
359
359
359
359
359
364
364
364
364
364
369
369
369
369
369
412
412
412
417
417
417
422
422
422
422
432
437
442
200
205
205
205
205
205
210
210
210
210
210
215
215
215
215
215
220
220
220
220
220
225
225
225
230
230
230
235
235
235
235
245
250
255
1
1
1
1
1
1
1
1
1
1
1
1
1
1
1
1
1
1
1
1
1
1
1
1
1
1
1
1
1
1
1
1
1
1
1251.15
1251.15
1273.28
1365.74
1365.74
1365.74
1436.72
1522.13
1522.13
1741.48
1741.48
1741.48
1741.48
1960.00
1960.00
1960.00
1960.00
1960.00
1960.00
2158.20
2158.20
2469.02
2516.89
2545.90
2719.67
2777.54
2929.34
3009.02
3096.07
3182.62
3385.25
4659.84
5629.67
6459.67
Burghiu cilindric pentru metal 
DIN 8037, 118°, HSS-HM, placat HM
• burghie cilindrice pentru metal, conform DIN 8037, 118°, 
HSS-HM
• pentru otel, fonta, otel de arc, cu duritatea peste 300 HB, 
bronz ductil, molibden purtratat complet, 
• suprafete rectificate
• unghiul la varf: 118º
• taiere pe dreapta
• destinate pentru gaurire in oteluri ne aliate si slab aliate cu 
σr ≤ 800 N / mm², oteluri pentru tratament termic 
cu σr≤1400 N/mm², gaurire in oteluri inoxidabile, sau piese t
urnate din oteluri, sau piese din fonta cu duritatea  ≤ 300 HB, 
gaurire in materiale neferoase ( aliaje de cupru si bronzuri )
• se pot folosi pe masini de gaurit, utilaje stationare , cat si pe 
masini de gaurit portabile
PROFI
by BOHRC RAFT
PLUS
DIN
8037
HSS
HM
Ø
d2
L
Lu
Amb
15000700250
15000700300
15000700350
15000700400
15000700420
15000700450
15000700500
15000700550
15000700600
15000700650
15000700680
15000700700
15000700750
15000700800
15000700850
15000700900
15000700950
15000701000
15000701020
15000701050
15000701100
15000701150
15000701200
15000701250
15000701300
2,50
3,00
3,50
4,00
4,20
4,50
5,00
5,50
6,00
6,50
6,80
7,00
7,50
8,00
8,50
9,00
9,50
10,00
10,20
10,50
11,00
11,50
12,00
12,50
13,00
46
50
56
56
63
63
63
71
71
71
80
80
80
80
90
90
90
100
100
100
100
112
112
112
112
1
1
1
1
1
1
1
1
1
1
1
1
1
1
1
1
1
1
1
1
1
1
1
1
1
118°
121.48
109.84
111.97
107.54
124.75
107.54
107.54
107.54
122.13
124.59
143.28
139.18
146.56
156.23
163.28
166.72
181.15
209.18
244.92
244.92
250.98
294.10
295.08
331.31
337.05
