[SOURCE:CATALOG_UNIOR-TEPID_INDUSTRIAL_2025_rev5] [PAGE:977]
NOU
NOU
Cheie tip C dubla, antiex Al-Bron
• material: Al-bron
Cheie speciala pentru
butoi, antiex Al-Bron
• material: Al-bron
Ø1
Ø2
72421
14,5
18,5
mm
200
380
2885.52
NOU
Cheie tip F antiex Al-Bron
• material: Al-bron
74283
mm
485
3000
14299.72
NOU
Ø
25
36233
mm
250
260
836.81
NOU
Cheie cu carbura pentru
butoi, antiex Al-Bron
• material: Al-bron
Cheie capac butoi antiex Al-Bron
• material: Al-bron
L
25
25
25
25
25
25
28
28
28
28
28
5/32”
3/16”
7/32”
1/4”
9/32”
5/16”
11/32”
3/8”
7/16”
1/2”
9/16”
75575
71941
71942
71943
71944
71945
71946
71947
71948
71949
71950
10
10
10
10
10
15
15
20
20
25
25
424.10
438.40
445.67
460.21
496.07
503.26
523.75
544.24
564.81
653.71
686.43
NOU
Cap cheie tubulara scurta 1/4”
12 laturi antiex Al-Bron
• material: Al-Bron
72170
mm
280
650
1313.95
NOU
Cap cheie tubulara scurta 1/4”
6 laturi antiex Al-Bron
• material: Al-Bron
L
25
25
25
25
25
25
25
25
25
25
25
26
26
26
27
27
27
27
27
3
4
4,5
5
5,5
6
7
8
9
10
11
12
13
14
15
16
17
18
19
78982
71930
75563
71931
75552
71932
71933
71934
71935
71936
71937
71938
71939
71940
75565
75567
75569
75571
75573
10
10
10
10
10
10
12
12
15
15
20
20
25
25
30
30
30
35
35
404.36
404.36
404.36
404.36
439.47
483.26
518.46
545.06
588.61
594.55
619.67
664.78
696.59
741.38
754.26
760.46
797.64
816.31
834.99
L
25
25
25
25
25
25
25
25
25
25
26
26
26
27
27
27
27
27
25
25
25
25
25
25
28
28
28
28
28
4
4,5
5
5,5
6
7
8
9
10
11
12
13
14
15
16
17
18
19
5/32”
3/16”
7/32”
1/4”
9/32”
5/16”
11/32”
3/8”
7/16”
1/2”
9/16”
74427
75577
74428
75579
74429
74430
74431
74432
74433
74434
74435
74436
74437
75581
75583
75585
75587
75589
75591
74438
74439
74440
74441
74442
74443
74444
74445
74446
74447
10
10
10
10
10
12
12
15
15
20
20
25
25
30
30
30
35
35
10
10
10
10
10
15
15
20
20
25
25
404.36
404.36
404.36
439.47
483.26
518.46
545.06
588.61
594.55
619.67
664.78
696.59
741.38
754.26
760.46
797.64
816.31
834.99
424.10
438.40
445.67
460.21
496.07
503.26
523.75
544.24
564.81
653.71
686.43
Ø
71447
2”-3/4”
mm
300
800
1619.58
NOU
Cheie speciala pentru capac 
butoi, antiex Al-Bron
• material: Al-bron
76062
mm
260
850
2598.49
