[SOURCE:CATALOG_UNIOR-TEPID_INDUSTRIAL_2025_rev5] [PAGE:164]
Dimensiune         D1            D2 
MM/inch           mm           mm 
           L              t min          Greutate
       mm            mm                gr
Dimensiune         D1            D2 
MM/inch           mm           mm 
           L              t min          Greutate
       mm            mm                gr
5694M150 inch
5 7/8"
5696
5698
56100
56102
56104M165 inch
56106
56108
56110M175 inch
56112
56114
56116M185 inch
56118
56120
56122M195 inch
56124
6"
6 1/8"
6 1/4"
6 3/8"
6 1/2"
6 5/8"
6 3/4"
6 7/8"
7"
7 1/8"
7 1/4"
7 3/8"
7 1/2"
7 5/8"
7 3/4"
56125M200 inch
7 13/16"
56126
56128
56130
56132M210 inch
56134
56136
56156
56142M225 inch
56144
56146
56148
56164
7 7/8"
8"
8 1/8"
8 1/4"
8 3/8"
8 1/2"
8 3/4"
8 7/8"
9"
9 1/8"
9 1/4"
10 1/4"
210
220
220
220
230
230
240
240
250
250
250
260
260
260
270
270
280
280
280
290
290
290
300
300
310
310
320
320
340
175
175
175
175
175
175
175
175
175
175
175
175
175
175
175
175
175
175
175
175
175
175
175
175
175
175
175
175
175
212
214
214
218
218
230
230
230
230
237
237
237
242
242
246
249
249
249
256
256
256
263
267
270
273
276
279
285
330
88
88
88
91
91
94
94
99
99
104
104
104
107
107
109
112
112
112
115
115
115
120
122
124
126
128
131
133
33100
36000
36000
36000
40000
40000
46000
46000
52000
52000
52000
59000
59000
59000
62000
62000
70000
70000
70000
74000
74000
74000
81000
81000
90000
90000
96000
96000
16414.03
17535.42
17535.42
19472.39
19472.39
19472.39
22531.12
22531.12
22531.12
26710.96
26710.96
26710.96
28240.28
28240.28
28240.28
30585.09
30585.09
30585.09
30585.09
36701.99
36701.99
36701.99
43838.63
43838.63
43838.63
43838.63
45775.70
45775.70
145
128000
49275.97
56L 3.1/2”
Cap cheie tubulara de impact 3.1/2" 
6 laturi, lung
• patrat de antrenare 3.1/2” DIN 3121 - forma H 90
• hexagon interior conform DIN 475/2
Dimensiune         D1            D2 
MM/inch           mm           mm 
           L              t min          Greutate
       mm            mm                gr
100
105
110
115
120
125
130
135
140
145
150
155
160
165
170
175
175
175
175
175
175
190
190
200
210
210
220
220
230
240
175
175
175
175
175
175
175
175
175
175
175
175
175
175
175
277
277
277
277
277
277
280
280
288
295
295
297
301
313
313
54
54
62
62
67
67
76
76
79
83
88
88
91
94
94
32000
16227.15
32000
16227.15
32000
16430.92
32000
16430.92
32000
16736.92
32000
16736.92
35000
17892.29
35000
17892.29
40000
20390.00
45600
20390.00
45600
21868.25
50200
23040.23
50200
27186.85
56000
27186.85
62000
29157.80
5663M100L
5666M105L
5669M110L
56M115L
56M120L
56M125L
5682M130L
56M135L
5688M140L
56M145L
5694M150L
56M155L
56M160L
56104M165L
56M170L
56110M175L
56M180L
56116M185L
56M190L
56122M195L
56125M200L
56132M210L
56M215L
56142M225L
56M230L
56M235L
5662L
5663M100L
5664L
5665L
5666M105L
5667L
5668L
5669M110L
5670L
5671L
5672L
5674L
5676L
5678L
5680L
5682M130L
5683L
5684L
5686L
5688M140L
5690L
5692L
5694M150L
5696L
5698L
56100L
56102L
56104M165L
56106L
56108L
56110M175L
56112L
56114L
56116M185L
56118L
56120L
56122M195L
56124L
175
180
185
190
195
200
210
215
225
230
235
3 7/8"
3 15/16"
4"
4 1/16"
4 1/8"
4 3/16"
4 1/4"
4 5/16"
4 3/8"
4 7/16"
4 1/2"
4 5/8"
4 3/4"
4 7/8"
5"
5 1/8"
5 3/16"
5 1/4"
5 3/8"
5 1/2"
5 5/8"
5 3/4"
5 7/8"
6"
6 1/8"
6 1/4"
6 3/8"
6 1/2"
6 5/8"
6 3/4"
6 7/8"
7"
7 1/8"
7 1/4"
7 3/8"
7 1/2"
7 5/8"
7 3/4"
56125M200L
7 13/16"
56126L
56128L
56130L
56132M210L
56134L
56136L
56140L
56142M225L
56144L
56146L
56148L
56164L
7 7/8"
8"
8 1/8"
8 1/4"
8 3/8"
8 1/2"
8 3/4"
8 7/8"
9"
9 1/8"
9 1/4"
10 1/4"
250
250
260
260
270
280
290
300
310
310
320
175
175
175
175
175
175
175
175
175
175
175
175
175
175
190
190
190
190
200
200
210
210
210
220
220
220
230
230
240
240
250
250
250
260
260
260
270
270
280
280
280
290
290
290
300
300
310
310
320
320
340
175
175
175
175
175
175
175
175
175
175
175
175
175
175
175
175
175
175
175
175
175
175
175
175
175
175
175
175
175
175
175
175
175
175
175
175
175
175
175
175
175
175
175
175
175
175
175
175
175
175
175
175
175
175
175
175
175
175
175
175
175
175
313
320
320
324
328
332
339
346
357
359
362
277
277
277
277
277
277
277
277
277
277
277
277
277
277
277
280
280
280
280
288
295
295
295
297
297
301
301
313
313
313
313
320
320
320
324
324
328
332
332
332
339
339
339
346
350
354
357
359
362
370
413
99
104
104
107
109
112
115
120
126
128
131
54
54
54
54
54
62
62
62
62
62
62
67
67
67
72
76
76
76
76
79
83
83
88
88
88
91
91
94
94
99
99
104
104
104
107
107
109
112
112
112
115
115
115
120
122
124
126
128
131
133
145
70000
70000
75000
75000
82000
89000
96000
107000
116000
116000
125000
32000
32000
32000
32000
32000
32000
32000
32000
32000
32000
32000
32000
32000
32000
35000
35000
35000
29157.80
35682.64
35682.64
37381.75
39080.97
39080.97
49275.97
50975.18
54373.51
54373.51
54373.51
16227.15
16227.15
16227.15
16227.15
16227.15
16430.92
16430.92
16430.92
16430.92
16430.92
16430.92
16736.92
16736.92
16736.92
16736.92
17892.29
17892.29
35000
17892.29
40000
17892.29
40000
20390.00
45600
20390.00
45600
20390.00
45600
21868.25
50200
23040.23
50200
23040.23
50200
27186.85
56000
27186.85
56000
27186.85
62000
29157.80
62000
29157.80
70000
29157.80
70000
29157.80
70000
35682.64
75000
35682.64
75000
37381.75
75000
39080.97
82000
39080.97
82000
39080.97
89000
39080.97
89000
39080.97
89000
40779.99
96000
49275.97
96000
49275.97
96000
49275.97
107000
54373.51
107000
54373.51
116000
54373.51
116000
54373.51
125000
54373.51
125000
54373.51
160000
57771.85
