[SOURCE:CATALOG_UNIOR-TEPID_INDUSTRIAL_2025_rev5] [PAGE:425]
82422010660
82422010670
Ø
6.6
6.7
82422010675
6.75
82422010680
82422010690
82422010700
82422010710
82422010720
82422010730
82422010740
82422010750
6.8
6.9
7
7.1
7.2
7.3
7.4
7.5
82422010755
7.55
82422010760
82422010770
82422010780
82422010790
82422010800
82422010810
82422010820
82422010830
82422010840
82422010850
82422010860
82422010870
82422010880
82422010890
82422010900
82422010910
82422010920
82422010930
82422010940
82422010950
7.6
7.7
7.8
7.9
8
8.1
8.2
8.3
8.4
8.5
8.6
8.7
8.8
8.9
9
9.1
9.2
9.3
9.4
9.5
82422010955
9.55
82422010960
82422010970
82422010980
82422010990
82422011000
9.6
9.7
9.8
9.9
10
82422011010
82422011020
10.1
10.2
82422011025
10.25
82422011030
82422011040
82422011050
82422011060
82422011070
82422011080
82422011090
82422011100
82422011110
82422011120
82422011130
82422011140
82422011150
82422011160
82422011170
82422011180
82422011190
82422011200
82422011210
82422011220
82422011230
82422011240
82422011250
10.3
10.4
10.5
10.6
10.7
10.8
10.9
11
11.1
11.2
11.3
11.4
11.5
11.6
11.7
11.8
11.9
12
12.1
12.2
12.3
12.4
12.5
d2
8
8
8
8
8
8
8
8
8
8
8
8
8
8
8
8
8
10
10
10
10
10
10
10
10
10
10
10
10
10
10
10
10
10
10
10
10
10
12
12
12
12
12
12
12
12
12
12
12
12
12
12
12
12
12
12
12
12
12
14
14
14
14
14
L
79
79
79
79
79
79
79
79
79
79
79
79
79
79
79
79
79
89
89
89
89
89
89
89
89
89
89
89
89
89
89
89
89
89
89
89
89
89
102
102
102
102
102
102
102
102
102
102
102
102
102
102
102
102
102
102
102
102
102
107
107
107
107
107
Lu
34
34
34
34
34
34
41
41
41
41
41
41
41
41
41
41
41
47
47
47
47
47
47
47
47
47
47
47
47
47
47
47
47
47
47
47
47
47
55
55
55
55
55
55
55
55
55
55
55
55
55
55
55
55
55
55
55
55
55
60
60
60
60
60
Amb
1
1
1
1
1
1
1
1
1
1
1
1
1
1
1
1
1
1
1
1
1
1
1
1
1
1
1
1
1
1
1
1
1
1
1
1
1
1
1
1
1
1
1
1
1
1
1
1
1
1
1
1
1
1
1
1
1
1
1
1
1
1
1
1
561.31
561.31
561.31
561.31
561.31
561.31
561.31
561.31
561.31
561.31
561.31
561.31
561.31
561.31
561.31
561.31
561.31
676.23
676.23
676.23
676.23
676.23
676.23
676.23
676.23
676.23
676.23
676.23
676.23
676.23
676.23
676.23
676.23
676.23
676.23
676.23
676.23
676.23
939.67
939.67
939.67
939.67
939.67
939.67
939.67
939.67
939.67
939.67
939.67
939.67
939.67
939.67
939.67
939.67
939.67
939.67
939.67
939.67
939.67
1356.72
1356.72
1356.72
1356.72
1356.72
82422011260
82422011270
82422011280
82422011290
82422011300
82422011310
82422011320
82422011330
82422011340
82422011350
82422011360
82422011370
82422011380
82422011390
82422011400
82422011410
82422011420
82422011430
82422011440
82422011450
82422011460
82422011470
82422011480
82422011490
82422011500
82422011510
82422011520
Ø
12.6
12.7
12.8
12.9
13
13.1
13.2
13.3
13.4
13.5
13.6
13.7
13.8
13.9
14
14.1
14.2
14.3
14.4
14.5
14.6
14.7
14.8
14.9
15
15.1
15.2
82422011525
15.25
82422011530
82422011540
82422011550
82422011560
82422011570
82422011580
82422011590
82422011600
15.3
15.4
15.5
15.6
15.7
15.8
15.9
16
1300
d2
14
14
14
14
14
14
14
14
14
14
14
14
14
14
14
16
16
16
16
16
16
16
16
16
16
16
16
16
16
16
16
16
16
16
16
16
L
107
107
107
107
107
107
107
107
107
107
107
107
107
107
107
115
115
115
115
115
115
115
115
115
115
115
115
115
115
115
115
115
115
115
115
115
Lu
60
60
60
60
60
60
60
60
60
60
60
60
60
60
60
65
65
65
65
65
65
65
65
65
65
65
65
65
65
65
65
65
65
65
65
65
Amb
1
1
1
1
1
1
1
1
1
1
1
1
1
1
1
1
1
1
1
1
1
1
1
1
1
1
1
1
1
1
1
1
1
1
1
1
1356.72
1356.72
1356.72
1356.72
1356.72
1356.72
1356.72
1356.72
1356.72
1356.72
1356.72
1356.72
1356.72
1356.72
1356.72
1707.54
1707.54
1707.54
1707.54
1707.54
1707.54
1707.54
1707.54
1707.54
1707.54
1707.54
1707.54
1707.54
1707.54
1707.54
1707.54
1707.54
1707.54
1707.54
1707.54
1707.54
Burghie cilindrice cu doua capete
pentru metal
• burghie cilindrice scurte, cu doua capete (burghie pentru 
caroserie), pentru metal, tip N, 118°, HSS, rectificate
• taiere pe dreapta
• unghiul spirei 20-30°, toleranta diametrului h8
• ascutire suplimentara pe fata de asezare si micsorarea taisului 
transversal, conform DIN 1412 C, pentru o aschiere mai usoara,
micsorarea fortei de aschiere si o gaurire mai rapida
• destinate pentru gaurire in foi de tabla, platbanda sau profile
din oteluri ne aliate si slab aliate, cu σr ≤ 800 N / mm², oteluri
pentru tratament termic cu σr≤1100 N/mm², gaurire materiale
neferoase (aliaje de cupru si bronzuri), mase plastice
• recomandabil a se pot folosi  pe masini de gaurit, utilaje
stationare si fixe dar si pe masini de gaurit portabile, electrice
sau pneumatice
HSS
G
118°
NORM
C
2
1
4
1
N
I
D
800
N/mm²
13000100200
13000100250
13000100300
13000100310
13000100320
13000100325
13000100330
13000100350
13000100400
Ø
2,00
2,50
3,00
3,10
3,20
3,25
3,30
3,50
4,00
d2
L
43
43
46
49
49
49
49
49
52
Lu
13
13
13
13
13
13
13
13
16
Amb
10
10
10
10
10
10
10
10
10
3.93
3.93
3.93
3.93
3.93
3.93
4.10
4.26
4.43
Ø
4,10
4,20
4,50
4,90
5,00
5,10
5,20
5,50
6,00
d2
L
55
55
58
62
62
62
62
66
66
Lu
16
16
16
16
16
16
16
19
19
Amb
10
10
10
10
10
10
10
10
10
4.43
5.08
7.54
7.54
7.54
7.54
7.54
10.33
12.13
13000100410
13000100420
13000100450
13000100490
13000100500
13000100510
13000100520
13000100550
13000100600
1340
Burghie cilindrice lungi pentru metal
DIN 340, tip N, 118°, HSS
• burghie cilindrice lungi, pentru metal, conform DIN 340, tip N,
118°, HSS
• tratate termic, laminate, brunate
• taiere pe dreapta
• unghiul spirei 20-30°, toleranta diametrului h8 
• destinate pentru gaurire in oteluri ne aliate si slab aliate, cu
σr≤750 N/mm², gaurire in materiale neferoase (aliaje de 
aluminiu, cupru si bronzuri), materiale sinterizate diverse (nu 
in piese sinterizate din pulberi de oteluri sau din carburi 
metalice) se pot folosi pe masini de gaurit, utilaje stationare
si fixe si numai ocazional pe masini de gaurit portabile, electrice
sau pneumatice
DIN
340
HSS
R
Typ
N
10xd
118°
Ø
d2
L
Lu
Amb
13400100200
13400100250
13400100280
13400100300
13400100310
13400100320
13400100330
13400100340
13400100350
13400100370
13400100380
13400100390
13400100400
13400100410
13400100420
13400100440
13400100450
13400100480
13400100490
13400100500
13400100510
13400100520
13400100550
13400100580
13400100600
13400100620
13400100630
13400100650
13400100680
13400100700
13400100750
13400100800
13400100850
13400100900
13400100950
13400101000
13400101050
13400101100
13400101150
13400101200
13400101250
13400101300
2,00
2,50
2,80
3,00
3,10
3,20
3,30
3,40
3,50
3,70
3,80
3,90
4,00
4,10
4,20
4,40
4,50
4,80
4,90
5,00
5,10
5,20
5,50
5,80
6,00
6,20
6,30
6,50
6,80
7,00
7,50
8,00
8,50
9,00
9,50
10,00
10,50
11,00
11,50
12,00
12,50
13,00
85
95
100
100
106
106
106
112
112
112
119
119
119
119
119
126
126
132
132
132
132
132
139
139
139
148
148
148
156
156
156
165
165
175
175
184
184
195
195
205
205
205
56
62
66
66
69
69
69
73
73
73
78
78
78
78
78
82
82
87
87
87
87
87
91
91
91
97
97
97
102
102
102
109
109
115
115
121
121
128
128
134
134
134
10
10
10
10
10
10
10
10
10
10
10
10
10
10
10
10
10
10
10
10
10
10
10
10
10
10
10
10
10
10
10
10
10
10
10
10
5
5
5
5
5
5
3.11
3.11
4.43
3.93
4.75
4.75
5.08
5.57
4.75
5.57
5.57
5.90
5.57
6.23
6.23
6.39
5.90
8.36
8.36
7.70
8.85
8.85
8.52
10.66
10.66
11.80
11.80
9.67
11.15
11.15
12.13
14.26
15.74
16.72
18.36
22.46
24.75
27.54
30.16
34.59
37.21
39.84
