[SOURCE:CATALOG_UNIOR-TEPID_INDUSTRIAL_2025_rev5] [PAGE:145]
16DH 1”
Cap cheie tubulara de impact 1" 12 laturi, scurt
• patrat de antrenare 1” DIN 3121 - forma H 25
Dimensiune         D1            D2 
MM/inch           mm           mm 
           L              t min          Greutate
       mm            mm                gr
19
20
21
22
23
24
25
26
27
28
29
30
31
32
33
34
35
36
37
38
39
40
41
42
43
44
45
46
47
48
49
50
51
52
54
55
56
57
58
59
60
61
62
65
67
70
73
75
76
77
80
85
36
37
38
40
41
42
43
45
46
47
48
50
51
51
54
54
54
54
54
60
60
63
63
63
67
67
70
70
70
73
73
73
73
78
82
82
82
82
86
86
86
88
92
92
92
96
100
100
105
105
105
115
54
54
54
54
54
54
54
54
54
54
54
54
54
54
54
54
54
54
54
54
54
63
54
54
54
54
54
54
54
54
54
54
54
54
54
54
54
54
54
54
54
54
54
54
54
54
86
86
86
86
86
86
55
55
55
55
55
55
55
55
55
55
57
57
57
57
57
60
60
60
60
64
64
64
64
64
69
69
69
69
69
72
72
72
72
72
80
80
80
80
80
82
82
85
85
85
88
88
95
95
97
97
97
100
9.5
10
11
11
13
13
13
13
13
14
16.5
16.5
17
17
17
19
19
19
19
22
22
22
22
22
25
25
25.5
25.5
25.5
27
27
27
27
27
30
30
32
33
33
33
35
35
35
35
38
38
41
41
44
44
44
47
600
600
600
600
600
600
600
600
600
600
630
630
630
630
630
650
650
650
650
760
760
800
800
800
950
950
1000
1000
1000
1080
1080
1080
1080
1200
1400
1400
1400
1400
1500
1500
1500
1800
1800
1800
1800
2700
3200
3200
3200
3500
3500
4400
190.47
190.47
190.47
190.47
190.47
190.47
190.47
198.30
198.30
198.30
198.30
198.30
198.30
198.30
198.30
220.96
220.96
220.96
227.18
227.18
261.45
261.45
261.45
284.38
284.38
284.38
299.58
299.58
319.12
343.37
343.37
367.54
367.54
418.31
443.42
443.42
479.48
479.48
484.10
484.10
579.05
579.05
648.14
743.00
784.15
835.50
967.16
1069.95
1069.95
1143.29
1392.93
1469.10
1612M19DH
16M20DH
16M21DH
16M22DH
16M23DH
16M24DH
16M25DH
16M26DH
1617M27DH
16M28DH
16M29DH
1619M30DH
16M31DH
16M32DH
16M33DH
16M34DH
1622M35DH
16M36DH
16M37DH
1624M38DH
16M39DH
16M40DH
1626M41DH
16M42DH
1627M43DH
16M44DH
16M45DH
1629M46DH
16M47DH
16M48DH
1631M49DH
16M50DH
1632M51DH
16M52DH
1634M54DH
16M55DH
16M56DH
1636M57DH
16M58DH
1637M59DH
16M60DH
16M61DH
1639M62DH
1641M65DH
1642M67DH
1644M70DH
1646M73DH
1647M75DH
1648M76DH
16M77DH
16M80DH
16M85DH
Dimensiune         D1            D2 
MM/inch           mm           mm 
           L              t min          Greutate
       mm            mm                gr
1654M86DH
16M90DH
1660M95DH
1663M100DH
1666M105DH
1669M110DH
16M115DH
1612M19DH inch
1613DH
1614DH
1615DH
1616DH
1617M27DH inch
1618DH
1619M30DH inch
1620DH
1621DH
1622M35DH inch
1623DH
1624M38DH inch
1625DH
1626M41DH inch
86
90
95
100
105
110
115
3/4"
13/16"
7/8"
15/16"
1"
1 1/16"
1 1/8"
1 3/16"
1 1/4"
1 5/16"
1 3/8"
1 7/16"
1 1/2"
1 9/16"
1 5/8"
1627M43DH inch
1 11/16"
1628DH
1 3/4"
1629M46DH inch
1 13/16"
1630DH
1 7/8"
1631M49DH inch
1 15/16"
1632M51DH inch
2"
1633DH
1634M54DH inch
1635DH
1636M57DH inch
1637M59DH inch
1638DH
1639M62DH inch
1640DH
1641M65DH inch
1642M67DH inch
1643DH
1644M70DH inch
1645DH
1646M73DH inch
2 1/16"
2 1/8"
2 3/16"
2 1/4"
2 5/16"
2 3/8"
2 7/16"
2 1/2"
2 9/16"
2 5/8"
2 11/16"
2 3/4"
2 13/16"
2 7/8"
1647M75DH inch
2 15/16"
1648M76DH inch
3"
1649DH
1650DH
1651DH
1652DH
1653DH
1654M86DH inch
1655DH
1656DH
1657DH
1658DH
1659DH
1660M95DH inch
1661DH
1662DH
3 1/16"
3 1/8"
3 3/16"
3 1/4"
3 5/16"
3 3/8"
3 7/16"
3 1/2"
3 9/16"
3 5/8"
3 11/16"
3 3/4"
3 13/16"
3 7/8"
1663M100DH inch
3 15/16"
1664DH
1665DH
1666M105DH inch
1667DH
1668DH
1669M110DH inch
1670DH
1671DH
1672DH
4"
4 1/16"
4 1/8"
4 3/16"
4 1/4"
4 5/16"
4 3/8"
4 7/16"
4 1/2"
115
127
135
135
145
150
155
86
86
86
86
127
127
127
104
104
106
112
112
122
122
36
38
40
41
43
46
48
50
51
54
54
54
60
60
63
67
70
70
70
73
73
78
82
82
82
86
86
92
92
92
92
96
96
100
100
100
105
105
105
109
109
109
115
121
121
127
130
130
135
135
135
135
140
140
145
145
145
150
150
155
155
54
54
54
54
54
54
54
54
54
54
54
54
54
54
54
54
54
54
54
54
54
54
54
54
54
54
54
54
54
54
54
54
54
86
86
86
86
86
86
86
86
86
86
86
86
86
86
86
86
86
86
86
127
127
127
127
127
127
127
127
127
55
55
55
55
55
55
57
57
57
60
60
60
64
64
64
69
69
69
72
72
72
76
76
80
80
82
85
85
85
85
88
88
88
92
92
92
97
97
97
100
100
100
104
104
104
104
104
104
106
112
112
112
112
112
112
122
122
122
122
122
122
49
49
49
54
54
62
67
9.5
11
13
13
13
13
16.5
16.5
17
19
19
19
22
22
22
25
25.5
25.5
27
27
27
30
30
32
33
33
35
35
35
35
38
38
38
40
41
41
44
44
44
47
47
47
49
49
49
49
49
49
49
54
54
54
54
54
54
62
62
62
62
62
62
5200
5200
5200
7700
8200
9060
9060
600
600
600
600
600
600
630
630
630
650
650
650
760
760
800
950
1000
1000
1000
1080
1080
1240
1400
1400
1400
1500
1500
1800
1800
1800
1800
1800
1800
2700
2700
2700
3200
3200
3200
3200
3200
3200
3500
4120
4120
4400
4700
4700
5200
5200
5200
5200
5500
5500
7700
8100
8100
8200
8200
9060
9060
1469.10
1494.30
1718.66
1891.00
2090.25
2454.77
2821.55
190.47
190.47
190.47
190.47
198.30
198.30
198.30
198.30
198.30
198.30
220.96
220.96
227.18
261.45
261.45
284.38
293.07
299.58
319.12
343.37
367.54
418.31
443.42
467.58
479.48
484.10
579.05
648.14
697.69
743.00
784.15
835.50
835.50
835.50
967.16
1069.95
1069.95
1143.29
1143.29
1389.44
1469.10
1469.10
1469.10
1469.10
1469.10
1718.66
1718.66
1718.66
1718.66
1891.00
1891.00
1891.00
2090.25
2090.25
2090.25
2454.77
2454.77
2454.77
2821.45
2821.45
2821.45
