[SOURCE:CATALOG_UNIOR-TEPID_INDUSTRIAL_2025_rev5] [PAGE:161]
40L 2.1/2”
Cap cheie tubulara de impact 2.1/2" 6 laturi, lung
• patrat de antrenare 2.1/2” DIN 3121 - forma H 63
• hexagon interior conform DIN 475/2
Dimensiune         D1            D2 
MM/inch           mm           mm 
           L              t min          Greutate
       mm            mm                gr
41
42
43
44
45
46
47
48
49
50
51
52
54
55
56
57
58
59
60
61
62
65
67
70
73
75
76
77
80
85
86
90
95
100
105
110
115
120
125
130
135
140
145
150
155
160
165
104
104
104
104
104
104
104
104
104
104
104
104
104
104
104
104
104
104
104
104
104
104
104
104
115
115
115
115
115
127
127
135
140
145
150
160
165
170
170
180
190
190
200
210
210
220
230
127
127
127
127
127
127
127
127
127
127
127
127
127
127
127
127
127
127
127
127
127
127
127
127
127
127
127
127
127
127
127
127
127
127
127
127
127
127
127
127
127
127
150
150
150
150
175
192
192
192
192
192
192
192
192
192
192
192
192
192
192
192
192
192
192
192
192
192
192
192
192
192
192
192
192
192
192
192
192
192
198
198
207
207
215
215
223
231
234
240
248
248
252
260
21.5
21.5
25
25
25.5
25.5
25.5
27
27
27
27
27
30
30
32
32.5
32.5
33
33
35
35
35
38
38
41
41
44
44
44
47
49
49
49
54
54
62
67
67
67
76
76
79
83
88
88
91
94
11000
11000
11000
11000
11000
11000
11000
11000
11000
11000
11000
11000
11000
11000
11000
11000
11000
11000
11000
11000
11000
11000
11000
11000
11000
11000
11000
11000
11000
11000
11000
12500
13000
14000
15500
17000
18000
19000
19000
20000
22000
22000
26000
30000
30000
33000
38000
5913.22
5913.22
5913.22
5913.22
5913.22
5913.22
5913.22
5913.22
5913.22
5913.22
5913.22
5913.22
5913.22
5913.22
5913.22
5913.22
5913.22
5913.22
5913.22
6219.03
6219.03
6219.03
6219.03
6219.03
6219.03
6219.03
6219.03
6219.03
6219.03
6219.03
6219.03
6830.74
7646.23
7646.23
8665.87
9685.32
9685.32
11622.48
12539.90
12539.90
13593.52
13967.19
13967.19
17943.25
17943.25
19880.32
20390.00
4026M41L
40M42L
4027M43L
40M44L
40M45L
4029M46L
40M47L
40M48L
4031M49L
40M50L
4032M51L
40M52L
4034M54L
40M55L
40M56L
4036M57L
40M58L
4037M59L
40M60L
40M61L
4039M62L
4041M65L
4042M67L
4044M70L
4046M73L
4047M75L
4048M76L
40M77L
40M80L
40M85L
4054M86L
40M90L
4060M95L
4063M100L
4066M105L
4069M110L
40M115L
40M120L
40M125L
4082M130L
40M135L
4088M140L
40M145L
4094M150L
40M155L
40M160L
40104M165L
Dimensiune         D1            D2 
MM/inch           mm           mm 
           L              t min          Greutate
       mm            mm                gr
40M170L
40110M175L
40M180L
40116M185L
40M190L
40122M195L
40125M200L
40132M210L
40M215L
40142M225L
40M230L
40M235L
170
175
180
185
190
195
200
210
215
225
230
235
4026M41L inch
1 5/8"
4027M43L inch
1 11/16"
4028L
1 3/4"
4029M46L inch
1 13/16"
4030L
1 7/8"
4031M49L inch
1 15/16"
4032M51L inch
4033L
4034M54L inch
4035L
4036M57L inch
4037M59L inch
4038L
4039M62L inch
4040L
4041M65L inch
4042M67L inch
4043L
4044M70L inch
4045L
4046M73L inch
2"
2 1/16"
2 1/8"
2 3/16"
2 1/4"
2 5/16"
2 3/8"
2 7/16"
2 1/2"
2 9/16"
2 5/8"
2 11/16"
2 3/4"
2 13/16"
2 7/8"
4047M75L inch
2 15/16"
4048M76L inch
4049L
4050L
4051L
4052L
4053L
4054M86L inch
4055L
4056L
4057L
4058L
4059L
4060M95L inch
4061L
4062L
3"
3 1/16"
3 1/8"
3 3/16"
3 1/4"
3 5/16"
3 3/8"
3 7/16"
3 1/2"
3 9/16"
3 5/8"
3 11/16"
3 3/4"
3 13/16"
3 7/8"
4063M100L inch
3 15/16"
4064L
4065L
4066M105L inch
4067L
4068L
4069M110L inch
4070L
4071L
4072L
4074L
4076L
4"
4 1/16"
4 1/8"
4 3/16"
4 1/4"
4 5/16"
4 3/8"
4 7/16"
4 1/2"
4 5/8"
4 3/4"
230
240
240
250
260
260
270
280
290
300
310
310
104
104
104
104
104
104
104
104
104
104
104
104
104
104
104
104
104
104
104
115
115
115
115
115
127
127
127
127
127
135
135
135
135
140
140
145
145
145
150
150
150
155
155
160
160
165
165
170
170
175
175
175
175
175
175
175
175
175
175
175
175
127
127
127
127
127
127
127
127
127
127
127
127
127
127
127
127
127
127
127
127
127
127
127
127
127
127
127
127
127
127
127
127
127
127
127
127
127
127
127
127
127
127
127
127
127
127
127
127
127
260
264
272
272
276
280
284
290
316
316
316
333
192
192
192
192
192
192
192
192
192
192
192
192
192
192
192
192
192
192
192
192
192
192
192
192
192
192
192
192
192
192
192
192
192
192
192
198
198
198
198
198
198
207
207
207
207
207
207
215
215
94
99
104
104
107
109
112
115
120
126
128
131
21.5
25
25.5
25.5
27
27
27
30
30
32
32.5
33
35
35
35
35
38
38
38
40
41
41
44
44
44
47
47
47
49
49
49
49
49
49
49
54
54
54
54
54
54
62
62
62
62
62
62
67
67
38000
23040.89
41000
27118.80
41000
27118.80
45000
29769.51
50000
33133.86
50000
33133.86
55000
38231.31
60000
38231.31
70000
45877.54
75000
46727.19
80000
46727.19
80000
47576.94
11000
11000
11000
11000
11000
11000
11000
11000
11000
11000
11000
11000
11000
11000
11000
11000
11000
11000
11000
11000
11000
11000
11000
11000
11000
11000
11000
11000
11000
5913.22
5913.22
5913.22
5913.22
5913.22
5913.22
5913.22
5913.22
5913.22
5913.22
5913.22
5913.22
5913.22
6219.03
6219.03
6219.03
6219.03
6219.03
6219.03
6219.03
6219.03
6219.03
6219.03
6219.03
6219.03
6219.03
6219.03
6219.03
6219.03
12500
6219.03
12500
6830.74
12500
6830.74
12500
6830.74
13000
6830.74
13000
7646.23
14000
7646.23
14000
7646.23
14000
7646.23
15500
8665.87
15500
8665.87
15500
8665.87
16000
9685.32
16000
9685.32
17000
9685.32
17000
9685.32
18000
9685.32
18000
9685.32
19000
11622.48
19000
11622.48
