[SOURCE:CATALOG_UNIOR-TEPID_INDUSTRIAL_2025_rev5] [PAGE:240]
Cap cheie fixa CROW-FOOT
NOU
1/2’’
Cap cheie fixa CROW-FOOT
NOU
1/2’’
57224
57225
57226
57227
57228
57229
57230
57231
57232
57233
57234
57235
57236
57237
57238
57239
57240
57241
57242
57243
57244
57245
57246
57247
57248
57249
57250
L
50
50
55
55
55
60
60
60
65
65
70
70
70
70
75
75
75
80
80
80
85
85
85
90
90
90
95
A
12
12
12
12
12
12
12
12
12
12
12
12
14
14
14
14
14
14
14
14
14
14
14
14
14
14
15
20
21
22
23
24
25
26
27
28
29
30
31
32
33
34
35
36
37
38
39
40
41
42
43
44
45
46
B
42
42
43
45
46
47
49
50
50
55
60
60
60
65
65
70
70
70
75
75
80
80
80
85
85
85
90
C
19
19
20
21
22
23
24
25
26
27
28
29
30
31
32
33
34
35
36
37
38
39
40
41
42
43
44
Antrenare
1/2’’
1/2’’
1/2’’
1/2’’
1/2’’
1/2’’
1/2’’
1/2’’
1/2’’
1/2’’
1/2’’
1/2’’
1/2’’
1/2’’
1/2’’
1/2’’
1/2’’
1/2’’
1/2’’
1/2’’
1/2’’
1/2’’
1/2’’
1/2’’
1/2’’
1/2’’
1/2’’
150
150
150
160
160
160
185
190
200
200
210
220
230
250
260
260
270
270
280
290
300
320
320
330
340
360
380
465.13
485.35
505.65
525.73
545.96
566.18
586.48
606.71
626.71
647.01
667.39
687.61
707.84
727.92
768.44
809.04
859.46
910.10
960.59
1011.16
1061.65
1112.14
1162.85
1263.91
1365.04
1415.53
1466.09
L
55
60
60
65
70
70
70
75
75
80
80
85
90
90
95
95
95
100
100
100
100
105
105
110
110
110
15/16
1
1.1/16
1.1/8
1.3/16
1.1/4
1.5/16
1.3/8
1.7/16
1.1/2
1.9/16
1.5/8
1.11/16
1.3/4
1.13/16
1.7/8
1.15/16
2
2.1/16
2.1/8
2.3/16
2.1/4
2.5/16
2.3/8
2.7/16
2.1/2
A
12
12
12
12
12
14
14
14
14
14
14
14
14
14
15
15
15
15
15
15
15
15
15
15
15
15
B
45
47
50
50
60
60
65
70
70
75
75
80
80
84
90
90
90
95
95
100
100
100
105
105
110
110
C
21
23
25
26
28
30
31
33
34
36
37
39
41
42
44
45
46
49
49
50
50
50
55
55
60
60
57251 
57252 
57253 
57254 
57255 
57256 
57257 
57258 
57259 
57260 
57261 
57262 
57263 
57264 
57265 
57266 
57267 
57268 
57269 
57270 
57271 
57272 
57273 
57274 
57275 
57276 
Antrenare
1/2’’
1/2’’
1/2’’
1/2’’
1/2’’
1/2’’
1/2’’
1/2’’
1/2’’
1/2’’
1/2’’
1/2’’
1/2’’
1/2’’
1/2’’
1/2’’
1/2’’
1/2’’
1/2’’
1/2’’
1/2’’
1/2’’
1/2’’
1/2’’
1/2’’
1/2’’
160
160
190
200
210
230
250
260
270
280
290
320
330
340
380
400
430
460
480
500
600
650
650
700
750
850
485.35 
566.18 
626.71 
647.01 
667.39 
687.61 
707.84 
727.92 
768.44 
809.04 
859.46 
910.10 
960.59 
1011.16 
1112.14 
1213.34 
1314.40 
1415.53 
1466.09 
1516.81 
1567.23 
1617.79 
1668.36 
1718.92 
1769.41 
1820.05 
