[SOURCE:CATALOG_UNIOR-TEPID_INDUSTRIAL_2025_rev5] [PAGE:112]
08L 1/2”
231/4L6p
Cap cheie tubulara impact 1/2" 6 laturi, lunga
• patrat de antrenare 1/2” DIN 3121 - G 12,5
• hexagon interior conform Hexagon DIN/ISO 691
Capete chei tubulare de impact lungi 1/2"
•  material:crom molibden
•  forjata, calire si revenire totala
•  acoperire prin brunare dupa standardul DIN 12476
•  in conformitate cu standardul ISO 2725-2(numai dimensiunile in mm)
Dimensiune            D1 
D2                 L              t min          Greutate
MM/inch             mm                mm               mm            mm 
    gr
08M8L
08M9L
08M10L
08M11L
08M12L
08M13L
08M14L
08M15L
08M16L
08M17L
08M18L
0812M19L
08M20L
08M21L
08M22L
08M23L
08M24L
08M25L
08M26L
0817M27L
08M28L
08M29L
0819M30L
08M31L
08M32L
08M33L
08M34L
0822M35L
08M36L
08M37L
0824M38L
0806L
0807L
0808L
0809L
0810L
0811L
0812M19Linch
0813L
0814L
0815L
0816L
0817M27Linch
0818L
0819M30Linch
0820L
0821L
0822M35Linch
0823L
0824M38Linch
8
9
10
11
12
13
14
15
16
17
18
19
20
21
22
23
24
25
26
27
28
29
30
31
32
33
34
35
36
37
38
3/8"
7/16"
1/2"
9/16"
5/8"
11/16"
3/4"
13/16"
7/8"
15/16"
1"
1 1/16"
1 1/8"
1 3/16"
1 1/4"
1 5/16"
1 3/8"
1 7/16"
1 1/2"
15
16
17
19
20
21
22
24
25
26
27.5
28
30
30
32
32
35
35
38
38
38
41
41
44
44
45
49
49
49
52
52
16
18
20
22
25
25
28
30
32
35
35
38
38
41
44
45
49
49
52
25
25
25
25
25
25
25
30
30
30
30
30
30
30
30
30
30
30
30
30
30
30
30
30
30
30
35
38
35
38
38
22
22
22
25
25
25
30
30
30
30
30
30
30
30
35
35
38
38
38
78
78
78
78
78
78
78
78
78
78
78
78
78
78
78
78
78
78
78
78
78
78
78
78
78
78
78
78
78
78
78
78
78
78
78
78
78
78
78
78
78
78
78
78
78
78
78
78
78
78
4
4
5
5
6
6
7
7
8
9
9
9.5
10
11
11
13
13
13
13
13
14
16.5
16.5
16.5
17
17
19
19
19
19
22
4
6
6
7
8
9
9.5
11
13
13
13
13
16.5
16.5
17
19
19
19
22
160
160
160
160
170
170
170
240
250
250
260
250
280
250
280
280
300
300
380
430
430
430
430
500
500
550
600
600
600
790
790
140
140
140
200
200
190
250
280
280
300
380
430
480
430
500
550
600
600
790
72.52
72.52
72.52
72.52
72.52
76.43
76.43
80.48
80.48
80.48
80.48
80.48
86.83
94.13
94.13
97.16
102.32
115.45
115.45
115.45
126.89
151.38
151.38
160.52
160.52
168.34
168.34
188.19
188.19
207.15
207.15
72.52
72.52
76.43
76.43
80.48
80.48
80.48
86.83
94.13
102.32
115.45
115.45
126.89
151.38
160.52
168.34
188.19
207.15
207.15
607918
607919
607920
607921
607922
607923
607924
607925
609401
607926
607927
607928
607929
607930
607931
609402
607932
607933
10
11
12
13
14
15
16
17
18
19
21
22
23
24
27
28
30
32
D1
17.5
18.7
20
21.3
22.5
23.7
25
26.2
27.5
28.7
30
32
32
35
38.7
40
42
44
D2
25
25
25
25
25
30
30
30
30
30
30
30
30
30
30
30
30
30
L
78
78
78
78
78
78
78
78
78
78
78
78
78
78
78
78
78
78
T
14
14
14
14
17
17
17
17
17
19
24
24
24
24
24
24
24
24
144
166
160
168
174
226
259
244
257
265
280
292
275
337
395
395
432
421
 4B 
 4B 
 4B 
 4B 
 4B 
 4B 
 4B 
 4B 
 4B 
 4B 
 4B 
 4B 
 4B 
 4B 
 4B 
 4B 
 4B 
 4B 
5
5
5
5
5
5
5
5
5
5
5
5
5
5
5
5
5
5
Capete chei tubulare 1/2" cu 8 laturi
• material: crom molibden
• actionare: patrat 1/2”
D2
D1
56350
56351
56352
56353
56354
3/8"
7/16"
1/2"
9/16"
5/8"
56355
11/16"
56356
3/4"
56357
13/16"
56358
7/8"
56359
15/16"
56360
1"
19
21
24
26
28
30
34
36
38
42
44
24
24
24
26
28
30
34
36
38
38
38
56361
1.1/16"
46,5
56362
1.1/8"
49
46,5
49
L
38
38
38
38
38
38
40
40
40
45
45
50
50
T
6
8
9
11
11
11
13
15
15
18
18
19
19
70
75
80
95
110
125
180
195
220
285
300
430
605
56.07
56.07
56.07
56.07
56.07
66.89
66.89
66.89
66.89
66.89
66.89
69.84
70.98
81.48
90.00
95.41
93.93
99.02
NOU
88.56
88.56
88.56
104.92
113.18
120.91
133.70
141.66
153.33
177.50
181.29
232.60
232.60
