[SOURCE:CATALOG_UNIOR-TEPID_INDUSTRIAL_2025_rev5] [PAGE:143]
Dimensiune         D1            D2 
MM/inch           mm           mm 
           L              t min          Greutate
       mm            mm                gr
Dimensiune         D1            D2 
MM/inch           mm           mm 
           L              t min          Greutate
       mm            mm                gr
16M44L
16M45L
1629M46L
16M47L
16M48L
1631M49L
16M50L
1632M51L
16M52L
1634M54L
16M55L
16M56L
1636M57L
16M58L
1637M59L
16M60L
16M61L
1639M62L
1641M65L
1642M67L 
1644M70L
1646M73L
1647M75L
1648M76L
16M77L
16M80L
16M85L
1654M86L
16M90L
1660M95L
1663M100L
1666M105L
1669M110L
16M115L
1612M19L inch
1613L
1614L
1615L
1616L
1617M27L inch
1618L
1619M30L inch
1620L
1621L
1622M35L inch
1623L
1624M38L inch
1625L
1626M41L inch
44
45
46
47
48
49
50
51
52
54
55
56
57
58
59
60
61
62
65
67
70
73
75
76
77
80
85
86
90
95
100
105
110
115
3/4"
13/16"
7/8"
15/16"
1"
1 1/16"
1 1/8"
1 3/16"
1 1/4"
1 5/16"
1 3/8"
1 7/16"
1 1/2"
1 9/16"
1 5/8"
1627M43L inch
1 11/16"
1628L
1 3/4"
1629M46L inch
1 13/16"
1630L
1 7/8"
1631M49L inch
1 15/16"
1632M51L inch
2"
1633L
1634M54L inch
1635L
1636M57L inch
1637M59L inch
1638L
2 1/16"
2 1/8"
2 3/16"
2 1/4"
2 5/16"
2 3/8"
67
70
70
70
73
73
73
73
78
82
82
82
82
86
86
86
88
92
92
92
96
100
100
105
105
105
115
115
127
135
135
145
150
155
36
38
40
41
43
46
48
50
51
54
54
54
60
60
63
67
70
70
70
73
73
78
82
82
82
86
86
54
54
54
54
54
54
54
54
54
54
54
54
54
54
54
54
54
54
54
54
54
86
86
86
86
86
86
86
86
86
86
127
127
127
54
54
54
54
54
54
54
54
54
54
54
54
54
54
54
54
54
54
54
54
54
54
54
54
54
54
54
100
100
100
100
100
100
100
100
100
104
105
105
105
105
112
105
112
118
118
118
124
124
124
130
130
132
132
140
140
140
143
143
149
149
100
100
100
100
100
100
100
100
100
100
100
100
100
100
100
100
100
100
100
100
100
100
104
105
105
112
112
25
25.5
25.5
25.5
27
27
27
27
27
30
30
32
33
33
33
35
35
35
35
38
38
41
41
44
44
44
47
49
49
49
54
54
62
67
9.5
11
13
13
13
13
16.5
16.5
17
19
19
19
22
22
22
25
25.5
25.5
27
27
27
30
30
32
33
33
35
1500
1600
1600
1600
1700
1700
1700
1700
1900
2200
2200
2200
2200
2500
2500
2500
2800
3000
3000
3000
3200
4300
4300
4800
4800
4800
5200
6000
7200
7600
7600
10500
11200
11700
1200
1200
1200
1200
1200
1200
1200
1200
1200
1200
1200
1200
1300
1300
1400
1500
1600
1600
1600
1700
1700
1900
2200
2200
2200
2500
2500
392.44
415.47
415.47
509.64
509.64
509.64
509.64
509.64
509.64
611.64
611.64
662.69
662.69
688.07
688.07
764.50
849.33
1019.28
1019.28
1121.78
1121.28
1561.56
1647.90
1647.90
1647.90
1851.72
1993.73
2161.88
2568.01
2951.67
3253.91
3597.00
4222.51
4853.21
254.96
254.96
254.96
254.96
254.96
268.36
268.36
270.06
270.06
281.57
294.31
294.31
330.83
353.00
353.00
359.42
392.44
415.47
509.64
509.64
509.64
509.64
611.64
611.64
662.69
688.07
764.50
1639M62L inch
1640L
1641M65L inch
1642M67L inch
2 7/16"
2 1/2"
2 9/16"
2 5/8"
1643L
2 11/16"
1644M70L inch
2 3/4"
1645L
2 13/16"
1646M73L inch
2 7/8"
1647M75L inch
2 15/16"
1648M76L inch
3"
1649L
1650L
1651L
1652L
1653L
1654M86L inch
1655L
1656L
1657L
1658L
1659L
3 1/16"
3 1/8"
3 3/16"
3 1/4"
3 5/16"
3 3/8"
3 7/16"
3 1/2"
3 9/16"
3 5/8"
3 11/16"
1660M95L inch
3 3/4"
1661L
1662L
3 13/16"
3 7/8"
1663M100L inch
3 15/16"
4"
4 1/16"
4 1/8"
4 3/16"
4 1/4"
4 5/16"
4 3/8"
4 7/16"
4 1/2"
1664L
1665L
1666M105L inch
1667L
1668L
1669M110L inch
1670L
1671L
1672L
16B 1”
92
92
92
92
96
96
100
100
100
105
105
105
109
109
109
115
121
121
127
130
130
135
135
135
135
140
140
145
145
145
150
150
155
155
54
54
54
54
54
54
86
86
86
86
86
86
86
86
86
86
86
86
86
86
86
86
86
86
86
127
127
127
127
127
127
127
127
127
118
118
118
118
124
124
124
124
124
130
130
132
132
132
132
140
140
140
140
140
140
140
143
143
143
143
143
143
149
149
149
149
149
149
35
35
35
38
38
38
40
41
41
44
44
44
47
47
47
49
49
49
49
49
49
49
54
54
54
54
54
54
62
62
62
62
62
62
3000
3000
3000
3000
3200
3200
4300
4300
4300
4800
4800
4800
5000
5000
5000
6000
7000
7000
7200
7400
7400
7600
7600
7600
7600
1019.28
1019.28
1019.28
1121.28
1121.28
1121.28
1503.34
1561.56
1647.90
1647.90
1647.90
1647.90
1851.72
1851.72
1851.72
2161.88
2441.66
2441.66
2682.46
2776.45
2776.45
2951.67
3037.82
3037.82
3253.91
10400
3479.43
10400
3479.43
10500
3597.00
10500
4222.51
10500
4222.51
11200
4222.51
11200
4416.61
11700
4853.21
11700
4853.21
Cap cheie tubulara de impact 1" 6 laturi, pentru 
camioane
• patrat de antrenare 1” DIN 3121 - forma H 25
• hexagon interior conform DIN 475/2
Dimensiune         D1            D2 
MM/inch           mm           mm 
           L              t min          Greutate
       mm            mm                gr
17 mm
21 mm
13/16" 
15/16" 
13/16" 
15/16"
40
47
47
52,5
47
52,5
54
54
54
54
54
54
55
55
55
60
100
100
9
10
12
13
12
13
590
650
620
750
1320
1320
279.59
283.94
283.94
290.14
300.69
310.87
16M17B
16M21B
1613B
1615B
1613BL
1615BL
