[SOURCE:CATALOG_UNIOR-TEPID_INDUSTRIAL_2025_rev5] [PAGE:983]
042
Capete chei tubulare hexagonale 
3/4"
• material: MZW
Cap cheie tubulara scurta 3/4”
12 laturi antiex Al-Bron
• material: Al-Bron
NOU
74575
1.13/16”
74576
1.7/8”
77827
1.15/16”
74577
2”
L
65
65
65
70
700
700
800
850
2451.01
2563.29
2621.71
2680.37
NOU
Cap cheie tubulara lunga 3/4”
6 laturi antiex Al-Bron
• material: Al-Bron
METALMINOTTI
COOPER AND UNCONVENTIONAL COOPER ALLOYS
042 1134
042 1234
042 1334
042 1534
042 1634
042 1734
042 1834
042 1934
042 2034
042 2234
042 2434
042 2534
042 2634
042 2734
042 2834
042 3034
042 3234
042 3434
042 3634
042 3834
042 4134
042 4634
042 5034
042 5534
042 5834
042 6034
042 6534
11
12
13
15
16
17
18
19
20
22
24
25
26
27
28
30
32
34
36
38
41
46
50
55
58
60
65
Intermediar cardanic
3/4” antiex, Al-Bron
• material: Al-bron
120
120
130
130
170
170
180
180
180
180
180
190
200
200
200
230
450
450
450
490
600
600
650
650
750
750
380.33
380.33
380.33
380.33
380.33
459.02
550.82
629.51
668.85
708.20
747.54
800.00
852.46
918.03
996.72
1075.41
1154.10
1245.90
1377.05
1508.20
1704.92
2032.79
2360.66
2622.95
2950.82
3278.69
7600
3803.28
NOU
71270
3/4”
mm
135
600
3748.36
L
50
50
50
55
55
55
55
55
55
55
60
60
60
60
60
60
60
60
60
65
65
65
70
70
70
70
70
50
55
55
55
55
55
55
60
60
60
60
60
60
60
60
65
65
65
65
17
18
19
21
22
24
26
27
28
29
30
31
32
33
34
35
36
37
38
41
42
46
47
50
52
55
60
3/4”
13/16”
7/8”
15/16”
1”
1.1/16”
1.1/8”
1.5/32”
1.3/16”
1.7/32”
1.1/4”
1.5/16”
1.3/8”
1.7/16”
1.1/2”
1.9/16”
1.5/8”
1.11/16”
1.3/4”
75735
75737
75739
75741
75743
74547
74548
74549
75745
75747
74550
75749
74551
77811
75751
77813
74552
77815
75753
74553
77817
74554
77819
74555
77821
77823
77825
75755
75757
75759
75761
75763
75765
75767
35857
75769
35859
75771
74567
74568
74569
74570
74571
74572
74573
74574
200
200
200
250
250
280
280
280
310
320
370
380
410
410
440
440
460
470
500
650
700
700
750
850
900
950
1080.30
1083.52
1086.41
1195.14
1207.95
1361.30
1375.84
1459.62
1532.33
1638.66
1728.14
1845.30
1951.72
2030.05
2108.37
2178.11
2248.09
2326.50
2404.74
2650.54
2891.14
3131.66
3282.69
3433.81
3472.89
3512.30
1100
3920.62
220
240
240
280
280
280
310
360
360
400
400
430
470
480
550
650
700
700
1268.10
1422.52
1422.52
1422.52
1506.05
1506.05
1731.03
1731.03
1731.03
1840.67
1840.67
1994.19
2089.95
2132.99
2224.04
2241.73
2259.32
2330.13
7000
2401.19
L
90
90
90
90
90
90
90
90
90
90
90
90
90
90
90
90
90
90
90
90
90
90
100
100
100
100
100
100
90
90
90
90
90
90
90
90
90
90
90
90
17
18
19
20
21
22
24
26
27
28
29
30
31
32
33
34
35
36
37
38
41
42
46
47
50
52
55
60
3/4”
13/16”
7/8”
15/16”
1”
1.1/16”
1.1/8”
1.3/16”
1.1/4”
1.5/16”
1.3/8”
1.7/16”
35181
35183
35185
36341
35187
35189
35191
35193
35195
35197
35199
35201
35203
70484
35207
35209
35211
70485
35213
35215
35217
35219
35221
35223
35225
35227
35229
35231
35233
35235
35237
35239
35241
35243
35245
35247
35249
35251
35253
35255
500
500
500
500
500
500
550
600
600
600
600
600
650
650
650
650
650
700
750
800
900
950
1150
1200
1250
1250
1300
1400
500
500
500
550
600
600
600
600
650
650
650
700
1922.97
2084.91
2100.11
2100.11
2100.11
2113.25
2201.74
2336.91
2468.44
2579.49
2746.22
2882.88
3065.06
3226.67
3453.56
3453.56
3488.67
3488.67
3544.03
3544.03
3888.24
4301.76
4301.76
4581.03
4581.03
4981.67
4981.67
5476.17
2054.25
2103.08
2128.20
2214.21
2249.16
2414.24
2612.46
2857.18
3085.22
3249.31
3389.94
3444.22
