[SOURCE:CATALOG_UNIOR-TEPID_INDUSTRIAL_2025_rev5] [PAGE:37]
7118
Chei fixe de soc DIN 133
• material: otel carbon de scule
• forjata, calire si revenire totala
• acoperire: brunare
• in concordanta cu standardul DIN 133
681 B
Chei cu gheara, varianta
cu stift DIN 1810 tip B
• conform DIN 1810 B
• acoperire: brunare
• pentru caneluri cu gauri radiale DIN 1816
®
(cid:31)(cid:30)(cid:29)(cid:28)(cid:27)(cid:26)(cid:26)(cid:25)(cid:29)(cid:24)(cid:23)(cid:22)(cid:21)(cid:20)(cid:19)(cid:23)(cid:22)(cid:25)(cid:18)(cid:17)
24
27
30
32
36
41
46
50
55
60
65
70
80
85
700264
700265
700266
700267
700268
700269
700270
700271
700272
700273
900605
900606
902279
902535
255/2
L
170
170
200
200
200
240
240
265
305
305
335
370
400
400
B
56
56
70
70
70
88
88
102
112
112
123
143
175
175
A
15
15
18
18
18
20
20
20
24
24
27
30
33
33
489
477
863
863
834
1490
1450
1790
2700
2615
3645
3200
6450
5780
45.47
56.54
65.97
69.51
85.04
109.55
143.24
169.53
206.68
215.97
355.10
465.88
542.95
633.44
Chei cu gheara DIN 1810 tip A
• material: crom vanadiu
• capul cheii este tratat in intregime
• acoperire cromare conform EN12540
• conform cu standardul DIN 1810 tip A
L
110
110
110
136
136
170
170
205
205
240
240
280
280
335
335
380
380
470
470
pin
2
2.5
2.5
3
4
4
4
5
5
5
6
6
8
8
8
8
8
10
10
1
23
22
21
45
45
88
88
154
156
251
251
400
410
566
578
1000
1000
1580
1580
63.96
35.82
35.82
47.95
47.95
71.64
72.20
102.44
102.44
160.47
167.86
249.15
249.15
352.54
352.54
525.15
551.32
845.50
845.50
9207921
9202231
9202241
9202251
9202261
9202271
9202281
9202291
9202301
9202311
9202321
9202331
12 - 14
16 - 18
20 - 22
25 - 28
30 - 32
34 - 36
40 - 42
45 - 50
52 - 55
58 - 62
68 - 75
80 - 90
9202341
95 - 100
9202351
110 - 115
9202361
120 - 130
9202371
135 - 145
9202381
155 - 165
9202391
180 - 195
9202401
205 - 220
255/2F
Chei cu gheara flexibila
• material: crom vanadiu
• capul cheii este tratat in intregime
• acoperire cromare conform EN12540
613053
30 - 32
613054
34 - 36
613055
40 - 42
613056
45 - 50
613057
52 - 55
613058
58 - 62
613059
68 - 75
613060
80 - 90
613061
95 - 100
613062
110 - 115
613063
120 - 130
L C
136
171
171
207
207
242
242
281
281
334
334
2
2.5
2.5
3
3
3.5
3.5
4
4
4
4
D
2.5
3
3
3.5
3.5
4
4
5
5
5
5
A
4
5
5
6
6
7
7
8
8
10
10
B
21
28.5
28.5
37
37
46
46
61
61
81
81
1
55
114
111
206
209
320
303
472
436
29.18
39.02
39.02
47.54
47.54
62.62
62.62
84.75
84.75
805
141.15
829
141.15
L
B2 B1
A2
615027
15 - 35
140
2,5
2.5
615028
35 - 50
615029
50 - 80
615030
80 - 120
615031
120 - 180
201
262
320
418
4
5
5.5
7.5
4
5
5.5
9
7
10
12
14
16
A1
25
1
83
85.08
41.5
196
114.59
68
86
455
160.33
829
230.49
134
1768
328.20
118/7
Chei fixe de soc DIN 133
• material: otel carbon de scule
• forjata, calire si revenire totala
• acoperire: uleiere anticoroziva
• in concordanta cu standardul DIN 133
620466
620467
620468
620469
620470
620471
620472
620473
620474
620475
620476
620477
620478
620479
620480
620481
620482
L
170
170
200
200
200
240
240
265
305
305
335
370
370
400
400
450
450
B1
B2
56
56
70
70
70
88
88
102
112
112
123
143
143
175
175
192
192
15
15
18
18
18
20
20
20
24
24
27
30
30
33
33
38
38
1
489
477
863
863
834
1490
1450
1790
2700
2615
3645
2200
4865
6450
5775
96.56
96.56
126.56
133.44
173.28
212.30
289.67
326.89
381.31
424.92
545.25
667.38
731.64
891.97
993.28
7620
1312.46
9400
1448.85
24
27
30
32
36
41
46
50
55
60
65
70
75
80
85
90
95
