[SOURCE:CATALOG_UNIOR-TEPID_INDUSTRIAL_2025_rev5] [PAGE:141]
233/4 6p
Capete chei tubulare de impact 1"
•  material:crom molibden
•  forjata, calire si revenire totala
•  acoperire prin brunare dupa standardul DIN 12476
•  in conformitate cu standardul ISO 2725-2(numai dimensiunile in mm)
16S 1”
Cap cheie tubulara de impact 1" 6 laturi, scurt
• patrat de antrenare 1” DIN 3121 - forma H 25
• hexagon interior conform DIN 475/2
D1
D2
615195
615196
615197
615198
615199
615200
615201
615202
615203
615204
615205
615206
615207
615208
615209
615210
615211
615212
615213
22
24
27
30
32
33
34
36
38
41
42
46
50
55
60
65
70
75
80
40
42
46
50
52
53
55
56
59
63
64
69
74
80
86
92
99
104
109
54
54
54
54
54
54
54
54
54
54
54
54
54
54
54
54
54
86
86
L
58
58
58
60
60
60
62
65
65
67
74
74
80
84
87
90
96
98
100
T
17
17
17
21
21
21
21
30.5
30
31
38
38
42
44.5
44.5
46.5
51
52
53
677
679
694
726
704
703
688
785
844
933
1055
1174
1367
1632
1715
1962
2370
3364
3656
233/4L6p
Capete de impact varianta lunga 1”
•  material:crom molibden
•  forjata, calire si revenire totala
•  acoperire prin brunare dupa standardul DIN 12476
D1
D2
616771
616772
616773
616774
616775
616776
616777
616778
616779
616780
616781
616782
616783
616784
616785
616786
616787
616788
616789
22
24
27
30
32
33
34
36
38
41
42
46
50
55
60
65
70
75
80
40
42
46
50
52
53
55
56
59
63
64
69
74
80
86
92
99
104
109
54
54
54
54
54
54
54
54
54
54
54
54
54
54
54
54
54
86
86
L
100
100
100
100
100
100
100
100
100
100
100
100
100
100
120
125
125
135
135
T
21
21
24
24
24
24
40
65
65
64
64
63
62
60
78
80
80
85
85
879
921
1012
1075
1090
1109
1162
1207
1222
1367
1380
1613
1793
1976
2726
3192
3595
4512
5532
 1C 
 1C 
 1C 
 1C 
 1C 
 1C 
 1C 
 1C 
 1C 
 1C 
 1C 
 1C 
 1C 
 1C 
 1C 
 1C 
 1C 
 1C 
 1C 
 1C 
 1C 
 1C 
 1C 
 1C 
 1C 
 1C 
 1C 
 1C 
 1C 
 1C 
 1C 
 1C 
 1C 
 1C 
 1C 
 1C 
 1C 
 1C 
5
5
5
5
5
5
5
5
5
5
5
1
1
1
1
1
1
1
1
5
5
5
5
5
5
5
5
5
5
5
1
1
1
1
1
1
1
1
173.11
173.11
173.11
173.11
173.11
192.46
192.46
192.46
227.87
227.87
249.51
249.51
287.38
301.48
357.54
516.39
611.48
693.93
746.56
244.59
244.59
244.59
244.59
244.59
244.59
244.59
244.59
244.59
262.95
270.16
299.02
332.30
428.85
587.38
649.18
730.98
1000.82
1038.85
Dimensiune         D1            D2 
MM/inch           mm           mm 
           L              t min          Greutate
       mm            mm                gr
19
20
21
22
23
24
25
26
27
28
29
30
31
32
33
34
35
36
37
38
39
40
41
42
43
44
45
46
47
48
49
50
51
52
54
55
56
57
58
59
60
61
36
37
38
40
41
42
43
45
46
47
48
50
51
51
54
54
54
54
54
60
60
63
63
63
67
67
70
70
70
73
73
73
73
78
82
82
82
82
86
86
86
88
54
54
54
54
54
54
54
54
54
54
54
54
54
54
54
54
54
54
54
54
54
54
54
54
54
54
54
54
54
54
54
54
54
54
54
54
54
54
54
54
54
54
55
55
55
55
55
55
55
55
55
55
57
57
57
57
57
60
60
60
60
64
64
64
64
64
69
69
69
69
69
72
72
72
72
72
76
76
80
80
80
82
82
85
9.5
10
11
11
13
13
13
13
13
14
16.5
16.5
17
17
17
19
19
19
19
22
22
22
22
22
25
25
25.5
25.5
25.5
27
27
27
27
27
30
30
32
33
33
33
33
35
600
600
600
600
600
600
600
600
600
600
630
630
630
630
630
650
650
650
650
760
760
800
800
800
950
950
1000
1000
1000
1080
1080
1080
1080
1200
1400
1400
1400
1400
1500
1500
1500
1800
165.36
165.36
165.36
165.36
165.36
172.54
172.54
172.54
172.54
172.54
172.54
172.54
172.54
172.54
172.54
191.98
191.98
191.98
191.98
191.98
191.98
227.28
227.28
227.28
247.38
247.38
260.50
260.50
269.66
277.49
298.63
316.66
319.68
363.76
385.66
385.66
406.42
416.90
420.77
420.77
503.45
503.45
1612M19
16M20
16M21
16M22
16M23
16M24
16M25
16M26
1617M27
16M28
16M29
1619M30
16M31
16M32
16M33
16M34
1622M35
16M36
16M37
1624M38
16M39
16M40
1626M41
16M42
1627M43
16M44
16M45
1629M46
16M47
16M48
1631M49
16M50
1632M51
16M52
1634M54
16M55
16M56
1636M57
16M58
1637M59
16M60
16M61
