[SOURCE:CATALOG_UNIOR-TEPID_INDUSTRIAL_2025_rev5] [PAGE:428]
Ø
d2
L
Lu
Amb
1142051
11409810850
11409810900
11409810950
11409811000
11409811020
11409811050
11409811100
11409811150
11409811200
11409811250
11409811275
11409811300
11409811350
11409811400
11409811425
11409811450
11409811500
11409811550
11409811600
11409811650
11409811700
11409811750
11409811800
11409811850
11409811900
11409811950
11409812000
11409812050
11409812100
11409812150
11409812200
11409812250
11409812300
11409812350
11409812400
11409812450
11409812500
11409812550
11409812600
11409812650
11409812700
11409812750
11409812800
11409812850
11409812900
11409812950
11409813000
11409813050
11409813100
11409813150
11409813200
11409813250
11409813300
11409813350
11409813400
11409813450
11409813500
11409813550
11409813600
11409813650
11409813700
11409813750
11409813800
11409813850
11409813900
11409813950
11409814000
11409814050
11409814100
11409814200
11409814300
11409814400
11409814500
11409814600
11409814700
11409814800
11409814900
11409815000
11409815100
11409815200
11409815300
11409815400
11409815500
11409815600
11409815700
11409815800
11409815900
11409816000
8,5
9
9,5
10
10,2
10,5
11
11,5
12
12,5
12,75
13
13,5
14
14,25
14,5
15
15,5
16
16,5
17
17,5
18
18,5
19
19,5
20
20,5
21
21,5
22
22,5
23
23,5
24
24,5
25
25,5
26
26,5
27
27,5
28
28,5
29
29,5
30
30,5
31
31,5
32
32,5
33
33,5
34
34,5
35
35,5
36
36,5
37
37,5
38
38,5
39
39,5
40
40,5
41
42
43
44
45
46
47
48
49
50
51
52
53
54
55
56
57
58
59
60
CM1
CM1
CM1
CM1
CM1
CM1
CM1
CM1
CM1
CM1
CM1
CM1
CM1
CM1
CM2
CM2
CM2
CM2
CM2
CM2
CM2
CM2
CM2
CM2
CM2
CM2
CM2
CM2
CM2
CM2
CM2
CM2
CM2
CM3
CM3
CM3
CM3
CM3
CM3
CM3
CM3
CM3
CM3
CM3
CM3
CM3
CM3
CM3
CM3
CM3
CM4
CM4
CM4
CM4
CM4
CM4
CM4
CM4
CM4
CM4
CM4
CM4
CM4
CM4
CM4
CM4
CM4
CM4
CM4
CM4
CM4
CM4
CM4
CM4
CM4
CM4
CM4
CM4
CM5
CM5
CM5
CM5
CM5
CM5
CM5
CM5
CM5
CM5
156
162
162
168
168
168
175
175
182
182
182
182
189
189
212
212
212
218
218
223
223
228
228
233
233
238
238
243
243
248
248
253
253
276
281
281
281
286
286
286
291
291
291
296
296
296
296
301
301
301
334
334
334
334
339
339
339
339
344
344
344
344
349
349
349
349
349
354
354
354
359
359
359
264
264
369
369
369
412
412
412
417
417
417
422
422
422
422
75
81
81
87
87
87
94
94
101
101
101
101
108
108
114
114
114
120
120
125
125
130
130
135
135
140
140
145
145
150
150
155
155
155
160
160
160
165
165
165
170
170
170
175
175
175
175
180
180
180
185
185
185
185
190
190
190
190
195
195
195
195
200
200
200
200
200
205
205
205
210
210
210
215
215
220
220
220
225
225
225
230
230
230
235
235
235
235
162.38
167.31
179.25
186.07
231.8
225.09
231.46
233.01
232.61
211.38
242.59
209.66
255.67
216.94
310.12
281.43
281.61
291.42
285.68
313.57
297.33
327.62
349.08
368.07
358.2
408.18
383.91
445.99
455.57
496.37
491.09
533.72
569.98
548.3
574.29
597.81
544.62
672.46
682.1
687.43
741.77
751.93
777.29
876.32
837.02
866.57
901.45
1085.52
1016.61
1145.82
1075.93
1255.58
1156.20
1334.99
1297.64
1534.72
1285.13
1513.43
1444.87
1603.34
1493.64
1732.44
1643.51
2073.38
1683.56
2073.38
1852.88
2312.41
2191.80
2291.35
2449.83
2539.68
2639.06
2688.80
2790.13
2986.82
3088.15
3237.27
3819.88
4011.23
4011.23
4297.71
4395.14
4395.14
4727.41
4966.39
4966.39
5157.51
Burghie cilindrice extralungi cu coada
conica / Con Morse, pentru metal, 
similar DIN 1870 (NFE 66076), HSS, 
tip N, 118°, seria lungime 400 mm
• aceleasi caracteristici ca si articolul 1142041, dar cu lungime
totala de 400 mm
2
d
L
l1
Ø
1142
11420511000
11420511050
11420511100
11420511150
11420511200
11420511250
11420511300
11420511350
11420511400
11420511450
11420511500
11420511550
11420511600
11420511650
11420511700
11420511750
11420511800
11420511850
11420511900
11420511950
11420512000
11420512050
11420512100
11420512150
11420512200
11420512250
11420512300
11420512400
11420512500
11420512600
11420512700
11420512800
11420512900
11420513000
11420513100
Ø
10,0
10,5
11,0
11,5
12,0
12,5
13,0
13,5
14,0
14,5
15,0
15,5
16,0
16,5
17,0
17,5
18,0
18,5
19,0
19,5
20,0
20,5
21,0
21,5
22,0
22,5
23,0
24,0
25,0
26,0
27,0
28,0
29,0
30,0
31,0
d2
CM1
CM1
CM1
CM1
CM2
CM2
CM2
CM2
CM2
CM2
CM2
CM2
CM2
CM2
CM2
CM2
CM2
CM2
CM2
CM2
CM2
CM2
CM2
CM2
CM2
CM2
CM2
CM3
CM3
CM3
CM3
CM3
CM3
CM3
CM3
L
400
400
400
400
400
400
400
400
400
400
400
400
400
400
400
400
400
400
400
400
400
400
400
400
400
400
400
400
400
400
400
400
400
400
400
Lu
300
300
300
300
300
300
300
300
300
300
300
300
300
300
300
300
300
300
300
300
300
300
300
300
300
300
300
275
275
275
275
275
275
275
275
669.88
723.41
723.41
764.66
750.43
750.43
794.73
794.73
796.11
796.11
867.02
867.02
912.98
912.98
963.59
963.59
1006.62
1006.62
1187.82
1187.82
1254.43
1254.43
1292.59
1292.59
1411.13
1411.13
1425.82
1440.45
1455.20
1541.26
1610.80
1681.26
1781.27
1817.42
2011.18
Burghie cilindrice cu coada conica
pentru metal DIN 345, tip N, 118°, HSS
• burghie cilindrice cu coada conica / Con Morse, pentru metal, 
conform DIN 345, tip N, 118°, HSS
• ascutire conform DIN 1412 tip A,
• laminate / frezate, tratate termic, brunate
• fatetele si conul rectificate
• taiere pe dreapta, unghiul spirei 20-30°, toleranta diametrului h8
• destinate pentru gaurire in oteluri ne aliate si aliate, sau piese
turnate din oteluri, cu σr ≤ 800 N / mm², oteluri pentru tratament
termic cu σr≤1100 N/mm², gaurire in materiale 
neferoase ( aliaje de aluminiu, cupru si bronzuri ) si in mase
plastice
• se pot folosi pe masini de gaurit, utilaje stationare si fixe
2
d
L
l1
Ø
DIN
345
HSS
Typ
N
800
N/mm²
118°
Ø
d2
L
Lu
Amb
14500301000
14500301050
14500301100
14500301150
14500301200
14500301250
14500301300
14500301350
14500301400
14500301450
14500301500
14500301550
14500301600
14500301650
14500301700
14500301750
14500301800
14500301850
14500301900
14500301950
14500302000
14500302050
14500302100
14500302150
14500302200
14500302250
14500302300
14500302350
14500302400
14500302450
14500302500
14500302550
14500302600
14500302650
14500302700
14500302750
14500302800
14500302850
14500302900
14500302950
10,00
10,50
11,00
11,50
12,00
12,50
13,00
13,50
14,00
14,50
15,00
15,50
16,00
16,50
17,00
17,50
18,00
18,50
19,00
19,50
20,00
20,50
21,00
21,50
22,00
22,50
23,00
23,50
24,00
24,50
25,00
25,50
26,00
26,50
27,00
27,50
28,00
28,50
29,00
29,50
CM1
CM1
CM1
CM1
CM1
CM1
CM1
CM1
CM1
CM2
CM2
CM2
CM2
CM2
CM2
CM2
CM2
CM2
CM2
CM2
CM2
CM2
CM2
CM2
CM2
CM2
CM2
CM3
CM3
CM3
CM3
CM3
CM3
CM3
CM3
CM3
CM3
CM3
CM3
CM3
168
168
175
175
182
182
182
189
189
212
212
218
218
223
228
228
228
233
233
238
238
243
243
248
248
253
253
276
281
281
281
286
286
286
291
291
291
296
296
296
87
87
94
94
101
101
101
108
108
114
114
120
120
125
130
130
130
135
135
140
140
145
145
150
150
155
155
155
160
160
160
165
165
165
170
170
170
175
175
175
1
1
1
1
1
1
1
1
1
1
1
1
1
1
1
1
1
1
1
1
1
1
1
1
1
1
1
1
1
1
1
1
1
1
1
1
1
1
1
1
39.34
39.34
39.34
39.67
40.98
43.93
43.93
43.93
54.43
54.43
54.43
54.43
58.52
63.77
69.18
69.18
72.95
72.95
81.31
81.31
89.84
93.11
109.67
109.67
112.13
113.28
122.62
140.16
146.23
149.51
153.77
153.77
174.59
174.59
181.97
181.97
189.67
190.33
216.39
216.39
