[SOURCE:CATALOG_UNIOR-TEPID_INDUSTRIAL_2025_rev5] [PAGE:254]
TABEL DE CONVERSIE CUPLU
56586
56573
56587
56588
P.S.I
7/8" - 1 
1/8"
22-28 mm
1 3/16"- 1 
5/8"
29-41 mm
1 11/16"- 2"
42-50 mm
3/4"- 1 
13/16"
19-46 mm
1 7/8"- 2 
9/16"
47-65 mm
2 5/8"- 2 
15/16"
67-75 mm
1"- 2 9/16"
25-65 mm
2 5/8"- 3 
1/8"
66-79 mm
1 7/8"- 3 
1/8"
47-79 mm
3 3/16"- 3 
9/16"
80-90 mm
3 5/8"- 4 
5/8"
92-117 mm
1,000
1,200
1,400
1,600
1,800
2,000
2,200
2,400
2,600
2,800
3,000
3,200
3,400
3,600
3,800
4,000
4,200
4,400
4,600
4,800
5,000
5,200
5,400
5,600
5,800
6,000
6,200
6,400
6,600
6,800
7,000
7,200
7,400
7,600
7,800
8,000
8,200
8,400
8,600
8,800
9,000
9,200
9,400
9,600
9,800
10,000
Ft.-lbs
55
64
74
83
92
101
110
119
129
138
147
156
165
174
182
191
200
209
218
227
236
245
254
264
273
282
291
300
309
318
327
336
344
353
362
371
380
389
399
408
417
426
435
443
452
461
Ft.-lbs
71
83
95
106
118
130
142
154
165
177
189
200
212
223
235
246
258
269
281
292
304
316
327
339
350
362
374
385
397
408
420
431
443
454
466
477
489
501
512
524
536
547
559
570
582
593
Ft.-lbs
79
92
105
118
131
144
158
171
184
197
210
223
235
248
261
273
286
299
312
325
338
351
364
376
389
402
415
428
441
454
467
479
492
505
517
530
543
556
569
582
596
608
621
634
646
659
Ft.-lbs
202
240
278
317
355
393
432
471
511
550
589
629
669
708
748
788
827
867
906
946
985
1024
1064
1103
1142
1182
1222
1261
1301
1341
1381
1421
1461
1500
1540
1579
1619
1658
1697
1737
1776
1814
1853
1892
1930
1969
Ft.-lbs
237
282
326
371
415
460
506
552
598
644
690
737
783
830
876
923
969
1015
1062
1108
1154
1200
1246
1292
1338
1384
1431
1478
1524
1571
1618
1664
1711
1757
1804
1850
1896
1942
1988
2034
2080
2125
2170
2216
2261
2306
Ft.-lbs
256
304
352
400
448
496
546
596
645
695
745
795
845
896
946
996
1046
1096
1146
1196
1246
1295
1345
1394
1444
1494
1544
1595
1645
1696
1746
1796
1846
1897
1947
1997
2046
2096
2146
2195
2245
2294
2343
2391
2440
2489
Ft.-lbs
422
502
582
663
743
823
906
989
1072
1155
1238
1320
1401
1483
1564
1646
1726
1806
1887
1967
2047
2128
2209
2289
2370
2451
2533
2615
2698
2780
2862
2942
3021
3101
3180
3260
3343
3426
3510
3593
3676
3758
3840
3922
4004
4086
Ft.-lbs
475
565
655
745
836
926
1019
1112
1206
1299
1393
1484
1576
1668
1760
1852
1942
2032
2122
2212
2303
2393
2484
2575
2666
2757
2849
2942
3034
3127
3219
3309
3398
3488
3577
3667
3761
3854
3948
4041
4135
4227
4319
4412
4504
4596
Ft.-lbs
797
957
1117
1277
1437
1597
1758
1918
2079
2239
2400
2559
2719
2878
3037
3197
3354
3511
3668
3825
3982
4143
4303
4463
4623
4784
4946
5109
5272
5434
5597
5756
5916
6076
6236
6395
6564
6732
6900
7068
7236
7393
7551
7709
7866
8024
Ft.-lbs
842
1011
1180
1350
1519
1688
1858
2027
2197
2366
2536
2704
2873
3041
3210
3378
3544
3710
3876
4042
4208
4377
4547
4716
4886
5055
5227
5399
5570
5742
5914
6083
6252
6420
6589
6758
6936
7113
7291
7468
7646
7813
7979
8146
8312
8479
Ft.-lbs
978
1174
1370
1567
1763
1960
2157
2353
2550
2747
2944
3140
3335
3531
3726
3922
4114
4307
4500
4693
4885
5082
5279
5475
5672
5869
6068
6267
6467
6666
6866
7062
7258
7454
7650
7846
8052
8258
8464
8670
8877
9070
9263
9457
9650
9844
