[SOURCE:CATALOG_UNIOR-TEPID_INDUSTRIAL_2025_rev5] [PAGE:1015]
79315
79316
79317
79318
79319
79320
79321
79322
79323
79324
79325
79326
79327
79328
79329
L
170
170
200
200
200
200
230
230
280
280
280
300
300
310
320
17
18
19
20
21
22
23
24
25
26
27
28
29
30
32
150
210
210
270
270
270
300
400
410
440
440
530
530
730
730
2272.87
2272.87
2272.87
2545.45
2545.45
2727.38
2727.38
3000.29
3000.29
3454.63
3454.63
3454.63
3636.73
4271.61
4571.69
Surubelnita lata anti-ex 
Cu-Be izolat la 1000 V
• uneltele izolate EGA Master respecta standardul 
international IEC 60900
• material: Cu-Be
Chei fixe anti-ex 
Cu-Be izolat la 1000 V
• uneltele izolate EGA Master respecta standardul 
international IEC 60900
• material: Cu-Be
79155
72227
79157
79159
79161
L
3 x 75
4 x 100
5 x 100
6 x 150
8 x 200
35
60
75
110
165
405.02
503.34
527.88
724.19
969.91
Surubelnita Phillips anti-ex 
Cu-Be izolat la 1000 V
• uneltele izolate EGA Master respecta standardul 
international IEC 60900
• material: Cu-Be
72225
79147
79149
79151
79153
L
PH 0
PH 1
PH 2
PH 3
PH 4
50
75
110
165
245
356.10
515.65
638.34
896.29
1448.88
Trusa scule electricieni
anti-ex Cu-Be izolat la 1000 V
• uneltele izolate EGA Master respecta standardul 
international IEC 60900
• material: Cu-Be
79087
13
5700
24313.13
Cleste combinat (76240), Cleste cu tais lateral (79042),
Cleste dezizolat cabluri (79052), Cheie reglabila (79362),
Cleste reglabil (79359)
Surubelnite Phillips PH 1 (79147), PH 2 (79149), PH 3 (79151),
Surubelnite late 3x75 (79155), 4x100 (72227), 5x100 (79157)
6x150 (79159), 8x200 (79161)
79250
79251
79252
79253
79254
79255
79256
79257
79258
79259
79260
79261
79262
79263
79264
79265
79266
79267
79268
79269
79270
79271
79272
79273
79274
79275
L
90
90
95
105
105
110
115
125
130
135
140
145
155
160
170
175
185
195
200
215
225
225
235
245
255
275
6
7
8
9
10
11
12
13
14
15
16
17
18
19
20
21
22
23
24
25
26
27
28
29
30
32
50
50
60
60
60
60
60
60
60
60
60
60
60
60
80
95
110
160
210
210
210
210
260
280
310
310
1493.74
1493.74
1493.74
1493.74
1493.74
1493.74
1493.74
1558.52
1558.52
1558.52
1558.52
2272.87
2272.87
2272.87
2545.45
2545.45
2727.38
2727.38
3000.29
3000.29
3454.63
3454.63
3454.63
3636.73
3636.73
4571.69
Chei inelar anti-ex 
Cu-Be izolat la 1000 V
• uneltele izolate EGA Master respecta standardul 
international IEC 60900
• material: Cu-Be
79304
79305
79306
79307
79308
79309
79310
79311
79312
79313
79314
L
100
100
100
110
110
120
120
120
120
150
170
6
7
8
9
10
11
12
13
14
15
16
35
50
50
50
55
60
80
85
100
150
150
1493.74
1493.74
1493.74
1493.74
1493.74
1493.74
1493.74
1558.52
1558.52
1558.52
1558.52
