[SOURCE:CATALOG_UNIOR-TEPID_INDUSTRIAL_2025_rev5] [PAGE:984]
35257
35259
35261
1.1/2”
1.9/16”
1.5/8”
35263
1.11/16”
L
90
90
90
90
35265
35267
35269
35271
35273
1.3/4”
100
1.13/16”
100
1.7/8”
100
1.15/16”
100
2”
100
800
900
900
950
1000
1150
1200
1200
1250
3503.30
3563.03
3586.66
3664.08
3702.75
3908.40
4029.52
4319.61
4350.59
NOU
Cap cheie tubulara lunga 3/4”
12 laturi antiex Al-Bron
• material: Al-Bron
L
90
90
90
90
90
90
90
90
90
90
90
90
90
90
90
90
90
90
90
90
90
90
100
100
100
100
100
100
90
90
90
90
90
17
18
19
20
21
22
24
26
27
28
29
30
31
32
33
34
35
36
37
38
41
42
46
47
50
52
55
60
3/4”
13/16”
7/8”
15/16”
1”
35275
35277
35279
36343
35281
35283
35285
35287
35289
35291
35293
35295
35297
35299
35301
35303
35305
35307
35309
35311
35313
35315
35317
35319
35321
35323
35325
35327
35329
35331
35333
35335
35337
500
500
500
500
500
500
550
600
600
600
600
600
650
650
650
650
650
700
750
800
900
950
1150
1200
1250
1250
1300
1400
500
500
500
550
600
1922.97
2084.91
2100.11
2100.11
2100.11
2113.25
2201.74
2336.91
2468.44
2579.49
2746.22
2882.88
3065.06
3226.67
3453.56
3453.56
3488.67
3488.67
3544.03
3544.03
3888.24
4301.76
4301.76
4581.03
4581.03
4981.67
4981.67
5476.17
2054.25
2103.08
2128.20
2214.21
2249.16
425
Antrenor cu parghie glisanta
• material: MZW
L
320
500
550
1600
1245.90
2622.95
METALMINOTTI
COOPER AND UNCONVENTIONAL COOPER ALLOYS
425 0012
425 0034
1/2”
3/4”
426
Prelungitor
• material: MZW
35339
35341
35343
35345
35347
35349
35351
35353
35355
35357
1.1/16”
1.1/8”
1.3/16”
1.1/4”
1.5/16”
1.3/8”
1.7/16”
1.1/2”
1.9/16”
1.5/8”
35359
1.11/16”
L
90
90
90
90
90
90
90
90
90
90
90
35361
35363
35365
35367
35369
1.3/4”
100
1.13/16”
100
1.7/8”
100
1.15/16”
100
2”
100
Antrenor cotit
3/4” antiex, Al-Bron
• material: Al-bron
600
600
600
650
650
650
700
800
900
900
950
1000
1150
1200
1200
1250
2414.33
2612.46
2857.18
3085.22
3249.31
3389.94
3444.22
3503.30
3563.03
3586.66
3664.08
3702.75
3908.40
4029.52
4319.61
4350.59
NOU
mm
280
700
3713.82
72413
3/4”
424
Adaptor
• material: MZW
200
400
600
681.97
1088.52
1154.10
METALMINOTTI
COOPER AND UNCONVENTIONAL COOPER ALLOYS
426 0012
426 0121
426 0034
1/2”
1/2”
3/4”
L
125
250
200
422
Antrenor articulat
• material: MZW
METALMINOTTI
COOPER AND UNCONVENTIONAL COOPER ALLOYS
424 0012
424 0034
1/2”
3/4”
3/4”
1/2”
L
50
50
200
200
METALMINOTTI
COOPER AND UNCONVENTIONAL COOPER ALLOYS
422 0012
1/2”
L
215
350
1285.25
577.05
577.05
421
Antrenor in T cu parghie glisanta
• material: MZW
METALMINOTTI
COOPER AND UNCONVENTIONAL COOPER ALLOYS
421 0012
421 0034
1/2”
3/4”
L
245
260
500
850
1114.75
1442.62
