[SOURCE:CATALOG_UNIOR-TEPID_INDUSTRIAL_2025_rev5] [PAGE:76]
190/1 6p
Capete chei tubulare 1/2"
•  material: crom molibden
•  forjata, calire si revenire totala
•  acoperire cromare conform EN12540
•  polizate
•  executie in concordanta cu standardul ISO 2725-1 (numai pentru dimensiunea in mm) 
239C
Trusa capete chei tubulare 3/8" in cutie metalica
•  dimensiunea cutiei : 321 x 198 x 54 mm
613072
30
2930
 1G 
1
1334.26
 238/1 6p  (6, 7, 8, 9, 10, 11, 12, 13, 14, 15, 16, 17, 18, 19, 20, 21, 22), 
 238.3/1  (3/8"), 
 238.6/1  (3/8"), 
 236/2SL  (5.5, 8), 
 238.4/1  (3/8" x 250, 3/8" x 125),  
 236/2HX  (4, 5, 6, 8), 
 236/2PH  (PH 2, PH 3), 
 238.1/1ABI  (3/8")
239D
Trusa capete chei tubulare 3/8" in cutie metalica
•  dimensiunea cutiei : 321 x 198 x 54 mm
613073
30
3190
 1G 
1
1354.59
 238/1 6p  (6, 7, 8, 9, 10, 11, 12, 13, 14, 15, 16, 17, 18, 19), 
605307
610155
600851
600852
600853
600854
600855
600856
600857
600858
600859
600860
600861
600862
600863
600864
600865
600866
600867
600868
600869
610156
600871
600872
610106
610108
8
9
10
11
12
13
14
15
16
17
18
19
20
21
22
23
24
25
26
27
28
29
30
32
3/8"
1/2"
610109
9/16"
610111
11/16"
610112
3/4"
610115
15/16"
610116
1"
610117
1.1/16"
610118
1.1/8"
610119
1.3/16"
610120
1.1/4"
L
38
38
38
38
38
38
38
38
38
38
38
38
38
38
38
40
42
42
42
43
43
43
46
46
38
38
38
38
38
42
42
43
43
46
46
D1
13.2
13.9
15
16.3
17.9
18.8
19.7
20.4
22.9
24.3
25.5
26.8
28.1
29.3
30.4
31.7
33.1
34.2
35.3
37
38
39
40.7
43.2
15
18.8
20.4
25.5
26.8
33.1
35.3
37
39
40.7
43.2
D2
22.9
22.9
22.9
22.9
22.9
22.9
22.9
22.9
21.5
22
23
24
24
25
25
26
28
29
30
30
31
32
34
36
22.9
22.9
22.9
23
24
28
30
30
32
34
36
T
12
12
12
12
12
12
12
12
12
12
12
14
14
14
14
14
16
16
16
18
20
20
22
22
12
12
12
12
14
16
16
18
20
22
22
 4B 
 4B 
 4B 
 4B 
 4B 
 4B 
 4B 
 4B 
 4B 
 4B 
 4B 
 4B 
 4B 
 4B 
 4B 
 4B 
 4B 
 4B 
 4B 
 4B 
 4B 
 4B 
 4B 
 4B 
55
55
55
55
65
65
65
65
85
95
100
105
115
128
142
147
165
126
126
180
185
185
195
237
55
65
65
95
105
165
126
180
185
237
55
10
10
10
10
10
10
10
10
10
10
10
10
10
10
10
10
10
10
10
10
10
10
10
10
10
10
10
10
10
10
10
10
10
10
10
21.48
22.46
22.46
22.46
22.46
22.46
22.46
22.46
22.46
29.02
29.02
29.02
30.16
30.16
30.66
34.10
34.10
34.10
34.59
37.54
37.54
38.85
41.97
41.97
24.26
24.26
24.26
30.98
30.98
36.72
37.38
40.33
40.33
43.61
43.61
 238.3/1  (3/8"), 
 238.6/1  (3/8"), 
 236/2HXL  (4, 5, 6, 8, 10), 
 238.4/1  (3/8" x 250, 3/8" x 125),  
 238.5/2  (3/8"), 
 236/2HX  (4, 5, 6, 8, 10),
 238.1/1ABI  (3/8")
