[SOURCE:CATALOG_UNIOR-TEPID_INDUSTRIAL_2025_rev5] [PAGE:988]
NOU
NOU
Trusa capete chei tubulare si 
accesorii 1” 18 piese antiex, 
Al-Bron
• material: Al-Bron
Cap cheie tubulara de IMAPCT
lunga 1/2” 6 laturi antiex
Al-Bron
• material: Al-Bron
74280
30-80 / 18
18000
87746.07
 21-24-27-30-32-34-36-38-41-46-50 
NOU
Cap cheie tubulara de IMAPCT
scurta 1/2” 6 laturi antiex
Al-Bron
• material: Al-Bron
L
42
42
42
42
44
44
44
44
44
44
44
44
44
44
44
44
46
46
46
48
48
48
50
50
50
50
50
60
8
9
10
11
12
13
14
15
16
17
18
19
20
21
22
23
24
25
26
27
28
29
30
32
36
41
46
50
77853
77855
77857
77859
77861
77863
77865
77867
77869
77871
77873
77875
77877
74718
77879
77881
74720
77883
77885
77887
77889
77891
74722
77893
36087
74724
74726
74727
105
105
115
115
135
145
145
145
145
160
180
180
180
180
180
180
200
200
210
220
220
230
240
250
260
260
600
800
810.94
862.75
880.10
905.96
940.58
983.79
1026.84
1087.40
1138.79
1173.41
1216.62
1276.94
1337.50
1354.60
1371.95
1501.18
1613.46
1734.26
1771.77
1771.77
1879.09
1994.19
2109.12
2331.62
2391.77
2451.84
2894.61
3325.24
L
82
82
82
82
82
82
82
82
82
82
82
82
82
82
82
82
82
82
82
82
82
82
82
82
82
82
82
82
8
9
10
11
12
13
14
15
16
17
18
19
20
21
22
23
24
25
26
27
28
29
30
32
36
41
46
50
76203
76205
76207
76209
76211
76213
76215
76217
76219
76221
76223
76225
76227
76229
76231
76233
76767
76235
76237
76769
76281
76283
76771
76773
36698
76285
76287
36457
170
170
170
170
170
180
190
200
220
240
260
270
280
290
310
320
340
380
400
420
440
460
500
500
750
800
1000
1275
1054.27
1121.52
1144.08
1177.71
1222.57
1278.67
1334.69
1413.35
1480.52
1525.30
1581.65
1660.06
1738.39
1760.94
1783.42
1951.55
2097.47
2254.53
2303.20
2303.20
2442.58
2592.30
2741.68
3030.94
3102.08
3187.26
3763.23
5528.96
NOU
Cap cheie tubulara de IMAPCT
scurta 3/4” 6 laturi antiex
Al-Bron
• material: Al-Bron
L
55
55
55
55
17
19
20
21
79840
77993
79213
79842
350
350
250
350
1556.37
1583.55
1607.02
1607.02
L
55
50
55
55
55
55
60
60
60
60
60
65
65
65
70
70
70
22
23
24
26
27
28
30
32
33
34
36
38
41
46
50
55
60
77995
79018
75885
79880
75887
79882
75889
75891
79844
77997
75893
77999
75895
75897
75899
78001
78003
350
280
350
370
380
400
500
550
550
550
550
700
800
900
1100
1250
1250
1632.30
1632.38
1632.30
2005.92
2005.92
2192.98
2379.95
2638.81
2668.47
2719.04
2799.51
2856.44
2913.53
3360.94
3628.88
3939.96
4491.30
NOU
Cap cheie tubulara de IMAPCT
lunga 3/4” 6 laturi antiex
Al-Bron
• material: Al-Bron
L
90
90
90
90
90
90
90
90
90
95
95
95
95
95
100
100
100
100
100
100
17
19
21
22
23
24
26
27
28
30
32
33
34
36
38
41
46
50
55
60
36463
78468
36823
78470
36732
78472
36824
78474
36825
78476
78478
36826
78480
78482
78484
78486
78488
78490
78492
78494
650
700
750
800
800
800
800
800
800
900
900
900
900
900
1100
1150
1200
1700
1750
1750
2058.80
2058.80
2121.92
2121.92
2121.92
2121.92
2607.75
2607.75
3093.82
3093.82
3430.59
3534.86
3534.86
3639.13
3713.32
3787.60
4369.18
4717.85
5121.71
5839.21
