[SOURCE:CATALOG_UNIOR-TEPID_INDUSTRIAL_2025_rev5] [PAGE:160]
Dimensiune         D1            D2 
MM/inch           mm           mm 
           L              t min          Greutate
       mm            mm                gr
Dimensiune         D1            D2 
MM/inch           mm           mm 
30000
15929.74
30000
18147.22
32000
21715.45
32000
22327.15
36000
24366.15
4072
4074
4076
4078
4080
40000
25793.44
4082M130
40000
25793.44
44000
29667.57
48000
33031.93
4083
4084
4086
51000
38231.31
4088M140 inch
60000
38231.31
66000
43328.86
4090
4092
66000
43328.86
4094M150 inch
4 1/2"
4 5/8"
4 3/4"
4 7/8"
5"
5 1/8"
5 3/16"
5 1/4"
5 3/8"
5 1/2"
5 5/8"
5 3/4"
5 7/8"
6"
6 1/8"
6 1/4"
6 3/8"
6 1/2"
6 5/8"
6 3/4"
6 7/8"
7"
7 1/8"
7 1/4"
7 3/8"
7 1/2"
7 5/8"
7 3/4"
4096
4098
40100
40102
40104M165 inch
40106
40108
40110M175 inch
40112
40114
40116M185 inch
40118
40120
40122M195 inch
40124
40125M200 inch
7 13/16"
40126
40128
40130
40132M210 inch
40134
40136
40140
40142M225 inch
40144
40146
40148
7 7/8"
8"
8 1/8"
8 1/4"
8 3/8"
8 1/2"
8 3/4"
8 7/8"
9"
9 1/8"
9 1/4”
           L              t min          Greutate
       mm            mm                gr
11300
150
62
158
158
158
165
174
174
174
174
176
182
182
190
190
190
194
194
201
201
208
208
214
214
214
218
218
222
226
226
226
232
232
232
239
250
253
258
258
258
275
67
67
67
72
76
76
76
76
79
83
83
88
88
88
91
91
94
94
99
99
104
104
104
107
107
109
112
112
112
115
115
115
120
122
124
126
128
131
133
12000
12000
12000
14100
14100
14100
17000
17000
17000
20000
20000
22000
22000
22000
23000
23000
30000
30000
30000
32000
32000
36000
36000
36000
40000
40000
44000
44000
44000
44000
48000
48000
51000
51000
60000
60000
66000
66000
66000
7612.25
7612.25
8665.87
8665.87
8946.19
10653.80
10653.80
10653.80
10806.80
10806.80
10806.80
10806.80
13763.22
13763.22
13763.22
15929.74
15929.74
15929.74
18147.22
18147.22
21715.45
22327.15
24366.15
24366.15
24366.15
25793.44
25793.44
29667.57
29667.57
29667.57
29667.57
33031.93
33031.93
33031.93
38231.31
38231.31
38231.31
43328.86
43328.86
43328.86
165
170
170
170
180
180
180
190
190
190
200
200
210
210
210
220
220
230
230
230
240
240
250
250
250
260
260
270
270
270
270
280
280
290
290
300
300
310
310
310
127
127
127
127
127
127
127
127
127
127
150
150
150
150
150
150
150
175
175
175
175
175
175
175
175
175
175
175
175
175
175
175
175
175
175
175
175
175
175
175
40104M165
40M170
40110M175
40M180
40116M185
40M190
40122M195
40125M200
40132M210
40M215
40142M225
40M230
40M235
165
170
175
180
185
190
195
200
210
215
225
230
235
4026M41 inch
1 5/8"
4027M43 inch
1 11/16"
4028
1 3/4"
4029M46 inch
1 13/16"
4030
1 7/8"
4031M49 inch
1 15/16"
4032M51 inch
4033
4034M54 inch
4035
4036M57 inch
4037M59 inch
4038
4039M62 inch
4040
4041M65 inch
4042M67 inch
4043
4044M70 inch
4045
4046M73 inch
2"
2 1/16"
2 1/8"
2 3/16"
2 1/4"
2 5/16"
2 3/8"
2 7/16"
2 1/2"
2 9/16"
2 5/8"
2 11/16"
2 3/4"
2 13/16"
2 7/8"
4047M75 inch
2 15/16"
4048M76 inch
4049
4050
4051
4052
4053
4054M86 inch
4055
4056
4057
4058
4059
4060M95 inch
4061
4062
3"
3 1/16"
3 1/8"
3 3/16"
3 1/4"
3 5/16"
3 3/8"
3 7/16"
3 1/2"
3 9/16"
3 5/8"
3 11/16"
3 3/4"
3 13/16"
3 7/8"
4063M100 inch
3 15/16"
4064
4065
4066M105 inch
4067
4068
4069M110 inch
4070
4071
4"
4 1/16"
4 1/8"
4 3/16"
4 1/4"
4 5/16"
4 3/8"
4 7/16"
230
230
240
240
250
260
260
270
280
290
300
310
310
104
104
104
104
104
104
104
104
104
104
104
104
104
104
104
104
104
104
104
115
115
115
115
115
127
127
127
127
127
135
135
135
135
140
140
145
145
145
150
150
150
155
155
160
160
165
175
175
175
175
175
175
175
175
175
175
175
175
175
127
127
127
127
127
127
127
127
127
127
127
127
127
127
127
127
127
127
127
127
127
127
127
127
127
127
127
127
127
127
127
127
127
127
127
127
127
127
127
127
127
127
127
127
127
127
201
201
208
214
214
218
222
226
232
239
258
258
275
115
115
115
115
115
115
115
115
115
115
115
115
115
115
115
115
115
115
115
125
125
125
125
125
125
130
130
130
130
132
132
132
132
132
132
141
141
141
141
141
141
150
150
150
150
150
94
94
99
104
104
107
109
112
115
120
126
128
131
21.5
25
25.5
25.5
27
27
27
30
30
32
32.5
33
35
35
35
35
38
38
38
40
41
41
44
44
44
47
47
47
49
49
49
49
49
49
49
54
54
54
54
54
54
62
62
62
62
62
7000
7000
7000
7000
7000
7000
7000
7000
7000
7000
7000
7000
7000
7000
7000
7000
7000
7000
7000
7600
7600
7600
7600
7600
7600
8000
8000
8000
8000
8100
8100
8100
8100
8200
8200
9000
9000
9000
9600
9600
9600
10500
10500
11000
11000
11300
3585.31
3585.31
3585.31
3585.31
3585.31
3585.31
3585.31
3585.31
3721.22
3721.22
3721.22
3721.22
3721.22
3789.18
3789.18
3789.18
3789.18
3789.18
3789.18
3789.18
3789.18
3789.18
3789.18
3789.18
3789.18
3959.17
4094.99
4094.99
4485.74
4485.74
4485.74
4485.74
4485.74
4774.66
4774.66
5879.15
5879.15
5879.15
5938.80
5938.80
5938.80
6898.60
6898.60
6898.60
6898.60
7612.25
