[SOURCE:CATALOG_UNIOR-TEPID_INDUSTRIAL_2025_rev5] [PAGE:255]
TABEL DE CONVERSIE CUPLU
56589
56590
56591
2 5/8" - 3 
15/16"
66-100mm
4" - 4 5/8"
101-117 mm
4 11/16" - 5 
1/4"
119-133 mm
3 1/8" - 4 
5/8"
79 -117 mm
4 11/16" - 6 
1/2"
119-165 mm
6 9/16" - 8"
166-203 mm
3 1/8" - 4 
5/8"
79-117 mm
4 11/16" - 6 
1/2"
119-165 mm
6 9/16" - 8"
166-203 mm
Ft.-lbs
1627
1931
2234
2538
2842
3145
3448
3752
4055
4358
4661
4965
5269
5573
5876
6180
6483
6785
7087
7389
7692
8001
8311
8620
8930
9239
9553
9866
10180
10494
10808
11111
11415
11719
12023
12326
12646
12966
13286
13606
13926
14245
14563
14881
15200
15518
Ft.-lbs
1773
2104
2435
2765
3096
3427
3757
4088
4418
4749
5079
5410
5741
6072
6403
6734
7063
7393
7722
8052
8381
8718
9055
9393
9730
10067
10409
10751
11092
11434
11776
12107
12438
12769
13100
13431
13780
14128
14477
14825
15174
15521
15868
16215
16562
16909
Ft.-lbs
2075
2462
2849
3236
3623
4011
4397
4784
5170
5557
5944
6331
6719
7106
7493
7881
8266
8652
9037
9423
9808
10203
10597
10992
11387
11781
12181
12581
12981
13381
13781
14168
14556
14943
15331
15718
16126
16534
16942
17350
17758
18164
18570
18976
19382
19788
Ft.-lbs
3472
4132
4791
5451
6111
6771
7422
8073
8724
9375
10026
10684
11342
12001
12659
13317
13967
14618
15268
15918
16569
17222
17876
18529
19183
19837
20497
21157
21817
22477
23137
23786
24435
25084
25733
26381
27032
27683
28333
28984
29635
30287
30940
31592
32245
32897
Ft.-lbs
3844
4574
5305
6035
6766
7496
8217
8938
9658
10379
11100
11829
12558
13286
14015
14744
15464
16184
16904
17624
18344
19068
19791
20515
21238
21962
22693
23424
24154
24885
25616
26334
27053
27771
28490
29208
29928
30649
31369
32090
32810
33532
34255
34977
35700
36422
Ft.-lbs
4340
5165
5989
6814
7639
8463
9277
10091
10905
11718
12532
13355
14178
15001
15824
16646
17459
18272
19085
19898
20711
21528
22345
23162
23979
24796
25621
26446
27271
28096
28921
29732
30543
31355
32166
32977
33790
34603
35417
36230
37044
37859
38675
39490
40306
41122
Ft.-lbs
4543
5460
6377
7295
8212
9129
10023
10918
11813
12707
13602
14506
15411
16316
17220
18125
19026
19926
20827
21727
22628
23528
24429
25330
26230
27131
28033
28935
29837
30739
31641
32542
33443
34344
35245
36146
37047
37949
38850
39751
40652
41553
42453
43354
44254
45155
Ft.-lbs
5030
6045
7061
8076
9092
10107
11097
12088
13078
14069
15059
16061
17062
18064
19065
20067
21064
22061
23058
24055
25052
26049
27046
28044
29041
30038
31037
32035
33034
34032
35031
36029
37026
38024
39021
40019
41017
42015
43012
44010
45008
46005
47002
47999
48996
49993
Ft.-lbs
5679
6825
7972
9118
10265
11411
12529
13648
14766
15884
17002
18133
19264
20395
21525
22656
23782
24908
26033
27159
28285
29410
30536
31662
32788
33914
35041
36169
37296
38424
39551
40677
41804
42930
44056
45183
46309
47436
48562
49689
50815
51941
53067
54192
55318
56444
P.S.I.
1,000
1,200
1,400
1,600
1,800
2,000
2,200
2,400
2,600
2,800
3,000
3,200
3,400
3,600
3,800
4,000
4,200
4,400
4,600
4,800
5,000
5,200
5,400
5,600
5,800
6,000
6,200
6,400
6,600
6,800
7,000
7,200
7,400
7,600
7,800
8,000
8,200
8,400
8,600
8,800
9,000
9,200
9,400
9,600
9,800
10,000
