[SOURCE:CATALOG_UNIOR-TEPID_INDUSTRIAL_2025_rev5] [PAGE:131]
Dimensiune            D1              D2              L            t min         Greutate
MM/inch              mm            mm            mm           mm               gr
Dimensiune            D1              D2              L            t min         Greutate
MM/inch              mm            mm            mm           mm               gr
1208
1209
1210
1211
1212M19inch
1213
1214
1215
1216
1217M27inch
1218
1219M30inch
1220
1221
1222M35inch
1223
1224M38inch
1225
1226M41inch
1227M43inch
1228
1/2"
9/16"
5/8"
11/16"
3/4"
13/16"
7/8"
15/16"
1"
1 1/16"
1 1/8"
1 3/16"
1 1/4"
1 5/16"
1 3/8"
1 7/16"
1 1/2"
1 9/16"
1 5/8"
1 11/16"
1 3/4"
1229M46inch
1 13/16"
1230
1 7/8"
1231M49inch
1 15/16"
2"
2 1/16"
2 1/8"
2 3/16"
2 1/4"
2 5/16"
2 3/8"
1232M51inch
1233
1234M54inch
1235
1236M57inch
1237M59inch
1238
12L 3/4”
24
25
29
29
32
35
38
40
41
41
44
44
49
49
52
52
54
57
57
63
63
67
67
70
73
73
73
78
82
82
82
44
44
44
44
44
44
44
44
44
44
44
44
44
44
44
44
44
44
44
44
44
44
54
54
54
54
54
54
54
54
54
45
45
45
45
45
46
46
46
46
48
52
52
52
55
55
56
59
59
59
64
64
64
67
67
67
71
71
74
75
75
75
6
7
8
9
9.5
11
13
13
13
13
16.5
16.5
17
19
19
19
22
22
22
25
25.5
25.5
27
27
27
30
30
32
33
33
35
290
290
290
290
290
340
340
340
340
380
380
380
420
430
460
460
490
520
520
600
600
850
910
950
1040
1040
1040
1200
1320
1320
1320
97.75
97.75
97.75
97.75
99.96
105.93
105.93
105.93
111.98
114.86
114.86
114.86
126.30
151.38
156.02
156.02
163.11
183.61
188.56
198.81
215.26
243.44
243.44
277.89
295.30
295.30
342.44
358.45
367.08
373.87
494.26
Cap cheie tubulara de impact 3/4" 6 laturi, lung
• patrat de antrenare 3/4” DIN 3121 - forma H20
• hexagon interior conform DIN 475/2
Dimensiune            D1              D2              L            t min         Greutate
MM/inch              mm            mm            mm           mm               gr
12M13L
12M14L
12M15L
12M16L
12M17L
12M18L
1212M19L
12M20L
12M21L
12M22L
12M23L
12M24L
12M25L
12M26L
1217M27L
12M28L
12M29L
13
14
15
16
17
18
19
20
21
22
23
24
25
26
27
28
29
25
25
28
29
29
32
32
35
35
38
38
40
41
41
41
44
44
44
44
44
44
44
44
44
44
44
44
44
44
44
44
44
44
44
90
90
90
90
90
90
90
90
90
90
90
90
90
90
90
90
90
6
7
7
8
9
9
9.5
10
11
11
13
13
13
13
13
14
16.5
750
750
750
750
750
750
750
750
750
750
750
750
750
750
750
690
690
164.21
164.21
164.21
167.09
167.09
167.09
167.09
167.09
167.09
167.09
170.56
170.56
170.56
170.56
170.56
200.14
200.14
1219M30L
12M31L
12M32L
12M33L
12M34L
1222M35L
12M36L
12M37L
1224M38L
12M39L
12M40L
1226M41L
12M42L
1227M43L
12M44L
12M45L
1229M46L
12M47L
12M48L
1231M49L
12M50L
1232M51L
12M52L
1234M54L
12M55L
12M56L
1236M57L
12M58L
1237M59L
12M60L
12M61L
1208L
1209L
1210L
1211L
1212M19L inch
1213L
1214L
1215L
1216L
1217M27L inch
1218L
1219M30L inch
1220L
1221L
1222M35L inch
1223L
1224M38L inch
1225L
1226M41L inch
30
31
32
33
34
35
36
37
38
39
40
41
42
43
44
45
46
47
48
49
50
51
52
54
55
56
57
58
59
60
61
1/2"
9/16"
5/8"
11/16"
3/4"
13/16"
7/8"
15/16"
1"
1 1/16"
1 1/8"
1 3/16"
1 1/4"
1 5/16"
1 3/8"
1 7/16"
1 1/2"
1 9/16"
1 5/8"
1227M43L inch
1 11/16"
1228L
1230L
1229M46L inch
1231M49L inch
1 3/4"
1 7/8"
1 13/16"
1 15/16"
1232M51L inch
2"
1233L
1234M54L inch
1235L
1236M57L inch
1237M59L inch
1238L
2 1/16"
2 1/8"
2 3/16"
2 1/4"
2 5/16"
2 3/8"
44
49
49
49
52
52
52
54
54
57
57
57
60
63
63
63
67
67
67
70
70
73
73
73
78
78
82
82
82
82
86
24
25
28
29
32
35
38
40
41
41
44
44
49
49
52
52
54
57
57
63
63
67
67
70
73
73
73
78
82
82
82
44
44
44
44
44
44
44
44
44
44
44
44
44
44
44
44
44
54
54
54
54
54
54
54
54
54
54
54
54
54
54
44
44
44
44
44
44
44
44
44
44
44
44
44
44
44
44
44
44
44
44
44
54
44
54
54
54
54
54
54
54
54
90
90
90
90
90
90
90
90
90
90
90
90
90
90
90
90
90
90
90
90
90
90
94
94
94
98
98
98
98
98
98
90
90
90
90
90
90
90
90
90
90
90
90
90
90
90
90
90
90
90
90
90
90
90
90
90
94
94
94
98
98
98
16.5
16.5
17
17
19
19
19
19
22
22
22
22
22
25
25
25.5
25.5
25.5
27
27
27
27
27
30
30
32
33
33
33
35
35
6
7
8
9
9.5
11
13
13
13
13
16.5
16.5
17
19
19
19
22
22
22
25
25.5
27
25.5
27
27
30
30
32
33
33
35
690
780
780
780
800
800
800
850
850
920
920
920
980
1020
1020
1020
1350
1350
1350
1400
1400
1500
1500
1500
1800
1800
1900
1900
1900
1900
2200
750
750
750
750
750
750
750
750
750
750
690
690
780
780
800
800
850
920
920
1020
1020
1350
1350
1400
1500
1500
1500
1800
1900
1900
1900
200.14
206.48
206.48
265.06
265.06
265.06
265.06
284.16
284.16
303.42
303.42
313.67
313.67
313.67
392.46
392.46
392.46
392.46
447.71
447.71
447.71
447.71
466.89
551.73
575.11
588.69
591.34
602.41
602.41
711.89
821.80
164.21
164.21
164.21
167.09
167.09
167.09
167.09
170.56
170.56
170.56
200.14
200.14
206.48
265.06
265.06
265.06
284.16
303.42
313.67
313.67
392.46
392.46
392.46
447.71
447.71
466.89
551.73
575.11
591.34
602.41
796.80
