[SOURCE:CATALOG_UNIOR-TEPID_INDUSTRIAL_2025_rev5] [PAGE:77]
190/1 12p
190/1L12p
Capete chei tubulare 1/2" cu 12 laturi
•  material: crom vanadiu
•  forjata, calire si revenire totala
•  acoperire cromare conform EN12540
•  polizate
•  executie in concordanta cu standardul ISO 2725-1 (numai pentru dimensiunea 
in mm)
Capete chei tubulare varianta lunga 1/2" cu 12 laturi
•  material: crom vanadiu
•  forjata, calire si revenire totala
•  acoperire cromare conform EN12540
•  polizate
•  executie in concordanta cu standardul ISO 2725-1 (numai pentru dimensiunea 
in mm)
610762
610763
610764
610765
610766
610767
610768
610769
610770
610771
610772
610773
610774
610775
610776
610777
610778
610779
10
11
12
13
14
15
16
17
18
19
20
21
22
23
24
27
30
32
D1
15
16.3
17.6
18.8
20.4
21.6
22.9
24
25.4
26
27.9
28
30
31.6
32
36
40
42
D2
22
22
22
22
22
20.7
21.5
22
23
21
24
25
26
27
28
30
34
36
L
77
77
77
77
77
77
77
77
77
77
77
77
77
77
77
77
77
77
T
12
12
12
12
15
15
15
15
18
18
18
18
21
21
24
27
30
33
85
110
100
107
112
107
121
130
150
140
176
166
197
226
223
277
317
335
 4B 
 4B 
 4B 
 4B 
 4B 
 4B 
 4B 
 4B 
 4B 
 4B 
 4B 
 4B 
 4B 
 4B 
 4B 
 4B 
 4B 
 4B 
5
5
5
5
5
5
5
5
5
5
5
5
5
5
5
5
5
5
47.87
47.87
47.87
47.87
47.87
47.87
47.87
49.34
49.34
49.34
51.31
51.31
52.30
58.20
58.20
78.36
84.59
84.59
603812
603813
603814
603815
603816
603817
603818
603819
603820
603821
603822
603823
603824
603825
603826
603827
603828
603829
621722
10
11
12
13
14
15
16
17
18
19
20
21
22
23
24
27
30
32
36
609366
3/8"
609367 7/16"
609368
1/2"
609369 9/16"
609370 19/32"
609371
5/8"
609372 11/16"
609373
3/4"
609374 25/32"
609375 13/16"
609376
7/8"
609377 15/16"
609378
1"
609379 1.1/16"
609380 1.1/8"
609381 1.3/16"
609382 1.1/4"
D1
15
16.3
17.9
18.8
19.7
20.4
22.9
24.3
25.5
26.8
28.1
29.3
30.4
31.7
33.1
37
40.7
43.2
48
15
16.3
18.8
20.4
20.4
22.9
25.5
26.8
27.9
29.3
31.7
33.1
35.3
37
39
40.7
43.2
D2
22.9
22.9
22.9
22.9
22.9
22.9
21.5
22
23
24
24
25
25
26
28
30
34
36
42
22.9
22.9
22.9
22.9
20.7
21.5
23
24
24
25
26
28
30
30
32
34
36
L
38
38
38
38
38
38
38
38
38
38
38
38
38
40
42
43
46
46
46
38
38
38
38
38
38
38
38
38
38
40
42
42
43
43
46
46
T
12
12
12
12
12
12
12
12
12
14
14
14
14
14
16
18
22
22
22
12
12
12
12
12
12
12
14
14
14
14
16
16
18
20
22
22
55
55
65
65
65
65
65
65
100
105
115
128
142
147
165
180
195
237
245
55
55
65
65
65
65
65
105
115
128
142
165
170
180
190
195
237
 4B 
 4B 
 4B 
 4B 
 4B 
 4B 
 4B 
 4B 
 4B 
 4B 
 4B 
 4B 
 4B 
 4B 
 4B 
 4B 
 4B 
 4B 
 4B 
 4B 
 4B 
 4B 
 4B 
 4B 
 4B 
 4B 
 4B 
 4B 
 4B 
 4B 
 4B 
 4B 
 4B 
 4B 
 4B 
 4B 
10
10
10
10
10
10
10
10
10
10
10
10
10
10
10
10
10
10
10
10
10
10
10
10
10
10
10
10
10
10
10
10
10
10
10
10
22.46
22.46
22.46
22.46
22.46
22.46
22.46
29.02
29.02
29.02
30.16
30.16
30.66
34.10
34.10
37.54
41.97
41.97
64.43
24.92
24.92
26.72
26.72
27.70
27.70
27.70
30.98
37.05
37.05
33.28
35.90
37.54
40.82
45.25
48.20
50.49
