[SOURCE:CATALOG_UNIOR-TEPID_INDUSTRIAL_2025_rev5] [PAGE:253]
TABEL DE CONVERSIE CUPLU
Bar
69
83
97
110
124
138
152
165
179
193
207
221
234
248
262
276
290
303
317
331
345
359
372
386
400
414
427
441
455
469
483
496
510
524
538
552
565
579
593
607
621
634
648
662
676
689
2 5/8" - 3 
15/16"
66 - 100mm
N.m
2206
2618
3029
3441
3853
4264
4675
5087
5498
5909
6320
6732
7144
7555
7967
8379
8789
9199
9609
10019
10429
10848
11268
11687
12107
12527
12952
13377
13802
14228
14653
15065
15477
15889
16301
16712
17146
17580
18014
18447
18881
19313
19745
20177
20608
21040
56589
4" - 4 5/8"
101 - 117 
mm
N.m
2404
2852
3301
3749
4198
4646
5094
5542
5990
6438
6886
7335
7784
8233
8681
9130
9577
10023
10470
10917
11363
11820
12277
12735
13192
13649
14112
14576
15039
15503
15966
16415
16864
17312
17761
18210
18683
19155
19628
20101
20573
21044
21514
21985
22455
22926
4 11/16" - 5 
1/4"
119 - 133 mm
N.m
2813
3338
3863
4388
4913
5438
5962
6486
7010
7534
8059
8584
9109
9634
10159
10685
11207
11730
12253
12775
13298
13833
14368
14903
15438
15973
16515
17058
17600
18142
18685
19210
19735
20260
20785
21311
21864
22417
22970
23523
24076
24627
25177
25728
26278
26829
3 1/8" - 4 
5/8"
79 - 117 mm
N.m
4707
5602
6496
7391
8285
9180
10062
10945
11828
12710
13593
14486
15378
16271
17163
18056
18937
19819
20701
21583
22464
23350
24236
25123
26009
26895
27790
28685
29580
30475
31370
32249
33129
34009
34889
35768
36651
37533
38415
39297
40179
41064
41949
42833
43718
44603
56590
4 11/16" - 6 
1/2"
119 - 165 mm
N.m
5212
6202
7192
8183
9173
10163
11140
12118
13095
14072
15050
16038
17026
18014
19002
19990
20966
21943
22919
23895
24871
25852
26833
27814
28795
29776
30767
31758
32749
33740
34731
35705
36679
37653
38627
39601
40577
41554
42531
43508
44484
45464
46443
47423
48402
49382
56591
4 11/16" - 6 
1/2"
119 - 165 mm
N.m
6820
8196
9573
10950
12327
13703
15046
16389
17732
19074
20417
21775
23133
24491
25849
27207
28559
29911
31262
32614
33966
35318
36670
38022
39374
40726
42080
43434
44788
46142
47496
48848
50201
51553
52906
54258
55611
56964
58317
59670
61023
62374
63726
65078
66430
67781
3 1/8" - 4 
5/8"
79 - 117 mm
N.m
6160
7403
8647
9890
11134
12377
13590
14803
16016
17229
18441
19668
20895
22121
23348
24574
25795
27016
28237
29458
30679
31900
33121
34342
35564
36785
38008
39231
40454
41676
42899
44121
45343
46564
47786
49008
50230
51451
52673
53895
55117
56338
57559
58780
60001
61222
6 9/16" - 8"
166 - 203 
mm
N.m
5884
7002
8120
9238
10357
11475
12578
13681
14785
15888
16991
18107
19223
20338
21454
22570
23672
24774
25876
26978
28080
29188
30296
31403
32511
33619
34737
35856
36975
38093
39212
40312
41411
42511
43611
44711
45813
46916
48019
49122
50224
51330
52436
53542
54648
55753
6 9/16" - 8"
166 - 203 
mm
N.m
7700
9254
10808
12363
13917
15471
16987
18504
20020
21536
23052
24585
26118
27651
29185
30718
32244
33770
35296
36822
38349
39875
41402
42928
44455
45981
47510
49038
50567
52096
53624
55151
56678
58205
59732
61260
62787
64314
65842
67369
68897
70423
71949
73475
75001
76527
