[SOURCE:CATALOG_UNIOR-TEPID_INDUSTRIAL_2025_rev5] [PAGE:111]
720 DS
720 VK
Capete chei tubulare de impact 12 laturi 1/2"
• material: crom molibden
• actionare: patrat 1/2”
• conform DIN 3121 - G 12,5
• deschidere: hexagon DIN / ISO 691 
Capete chei tubulare de impact 4 laturi 1/2"
• material: crom molibden
• actionare: patrat 1/2”
• conform DIN 3121 - G 12,5
• deschidere: patrat
D2
24
24
24
24
30
30
30
30
30
30
30
D1
15,0
17,0
18,0
20,0
24,0
24,0
26,0
26,0
28,0
30,0
32,0
L
38
38
38
38
38
38
38
38
38
38
38
T
12,0
12,0
12,0
12,0
12,0
12,0
13,0
13,0
13,0
13,0
13,0
77
67
83
68
123
126
128
135
122
117
128
 1C 
 1C 
 1C 
 1C 
 1C 
 1C 
 1C 
 1C 
 1C 
 1C 
 1C 
9
10
11
13
15
16
17
18
19
21
22
1000072190
1000072191
1000072192
1000072193
1000072194
1000072195
1000072196
1000072197
1000072198
1000072199
1000072200
721
Capete chei tubulare de impact scurte cu pereti 
subtiri 1/2"
• material: crom molibden
• actionare: patrat 1/2”
• conform DIN 3121 - G 12,5
• deschidere: hexagon DIN / ISO 691 
1000072250
1000072251
1000072252
1000072253
1000072254
1000072255
1000072256
1000072257
1000072258
1000072259
1000072260
1000072261
10
11
12
13
14
15
16
17
18
19
21
22
D2
22
22
22
22
24
24
24
24
25
26
28
29,5
D1
15,5
16,7
18,0
19,2
21,0
21,7
23,0
24,0
25,0
26,0
29,5
30,9
L
38
38
38
38
38
38
38
38
38
38
38
38
T
12,0
12,0
12,0
12,0
12,0
12,0
12,0
13,0
13,0
13,0
13,0
13,0
50
45
52
57
55
55
65
72
83
87
101
123
 1C 
 1C 
 1C 
 1C 
 1C 
 1C 
 1C 
 1C 
 1C 
 1C 
 1C 
 1C 
5
5
5
5
5
5
5
5
5
5
5
5
5
5
5
5
5
5
5
5
5
5
5
63.95
63.95
63.95
63.95
66.97
66.97
66.97
66.97
66.97
71.72
71.72
69.15
69.15
69.15
69.15
72.23
72.23
72.23
72.23
72.23
72.23
79.68
79.68
D2
25,0
25,0
30,0
30,0
30,0
30,0
30,0
30,0
D1
21,5
24,0
26,0
27,5
32,0
36,0
42,0
44,0
L
40
40
40
40
40
45
45
50
T
10,0
12,0
12,0
20,0
20,0
20,0
20,0
22,0
10
12
13
14
17
19
22
24
87
98
150
150
157
350
410
429
 1C 
 1C 
 1C 
 1C 
 1C 
 1C 
 1C 
 1C 
1000072225
1000072226
1000072227
1000172007
1000072228
1000072229
1000072230
1000072231
721 SF
Capete chei tubulare de impact cu pereti 
subtiri si profil de protectie 1/2"
• material: crom molibden
• actionare: patrat 1/2”
• conform DIN 3121 - G 12,5
• deschidere: hexagon DIN / ISO 691 
D2
22
22
22
24
24
24
24
25
26
28
29,5
D1
15,5
16,7
19,2
21,0
21,7
23,0
24,0
25,0
26,0
29,5
30,9
10
11
13
14
15
16
17
18
19
21
22
L
38
38
38
38
38
38
38
38
38
38
38
T
12,0
12,0
12,0
12,0
12,0
12,0
13,0
13,0
13,0
13,0
13,0
50
48
52
55
57
75
66
71
79
89
102
 1C 
 1C 
 1C 
 1C 
 1C 
 1C 
 1C 
 1C 
 1C 
 1C 
 1C 
1000072275
1000072276
1000072278
1000072279
1000072280
1000072281
1000072282
1000072283
1000072284
1000072285
1000072286
2309
5
5
5
5
5
5
5
5
5
5
5
5
5
5
5
5
5
5
5
Cap cheie tubulara de impact, patrat de antrenare 
de 1/2", lunga, cu profil subtiat, pentru roti  
• extra lunga cu diamteru redus
151.91
151.91
151.91
168.60
197.94
197.94
232.42
255.54
75.44
75.44
75.44
78.52
78.52
78.52
78.52
78.52
78.52
85.97
85.97
NOU
1/2”
SW 23090017
SW 23090019
SW 23090022
SW 23090221
17
19
22
21
d1
25,7
28,2
32
30,7
d2
30
30
30
30
L
110
110
110
110
t
68
67,5
66,5
66,5
242
257
311
272
2
2
2
2
299.03
299.03
334.62
334.62
