[SOURCE:CATALOG_UNIOR-TEPID_INDUSTRIAL_2025_rev5] [PAGE:239]
Cap cheie fixa CROW-FOOT
NOU
1/4’’
Cap cheie fixa CROW-FOOT
NOU
1/4’’
L
30
31
33
35
36
38
39
A
6
6
6
6
7
7
7
7
8
9
10
11
12
13
B
25
26
28
30
31
34
35
C
6
7
8
9
11
12
13
Antrenare
1/4’’
1/4’’
1/4’’
1/4’’
1/4’’
1/4’’
1/4’’
70
70
75
75
90
95
95
57211
57212
57213
57214
57215
57216
57217
540
Cap cheie fixa CROW-FOOT
b
SW 1200008
SW 1200009
SW 1200010
SW 2200011
SW 2200012
SW 2200013
SW 2200014
SW 2200015
SW 2200016
SW 2200017
SW 2200018
SW 2200019
SW 2200020
SW 2200021
SW 2200022
SW 2200023
SW 2200024
SW 2200025
SW 2200026
SW 2200027
SW 2200028
SW 2200030
SW 2200032
SW 2200034
SW 2200036
SW 2200040
SW 2200041
SW 2200042
SW 2200046
SW 2200050
8
9
10
11
12
13
14
15
16
17
18
19
20
21
22
23
24
25
26
27
28
30
32
34
36
40
41
42
46
50
L
25,5
25,5
25,5
32
34,3
34,3
37,7
37,7
37,7
42,5
42,5
42,5
42,4
44,5
44,5
44,5
44,4
47
47
47
50
50
53
54,5
56,5
63
63
63
72
75
a
6,3
6,3
6,3
6,3
6,3
6,3
6,3
6,3
6,3
6,3
6,3
6,3
6,3
6,3
6,3
6,3
6,3
8
8
8
8
8
8
8
8
8
8
8
8
8
S
14,6
14,6
14,6
17,4
18,2
17,8
20,8
20,4
19,9
23,8
22,9
22,4
25
23,6
24,2
25,8
26,3
26,4
27,6
27,6
29,2
29,3
30,5
31,6
32,8
37,6
37,2
37,7
43,1
45,4
19
21
20
36
37
36
46
45
45
62
61
64
55
59
64
64
60
75
80
76
78
84
95
107
100
130
130
125
191
217
Antrenare
3/8’’
3/8’’
3/8’’
3/8’’
3/8’’
3/8’’
3/8’’
3/8’’
3/8’’
3/8’’
3/8’’
3/8’’
3/8’’
3/8’’
3/8’’
3/8’’
3/8’’
3/8’’
3/8’’
3/8’’
3/8’’
3/8’’
3/8’’
3/8’’
3/8’’
3/8’’
3/8’’
3/8’’
3/8’’
3/8’’
1
1
1
1
1
1
1
1
1
1
1
1
1
1
1
1
1
1
1
1
1
1
1
1
1
1
1
1
1
1
L
31
33
35
38
39
5/16”
3/8”
7/16”
1/2”
9/16”
A
6
6
6
7
7
B
26
28
30
34
36
C
7
8
9
12
14
Antrenare
1/4’’
1/4’’
1/4’’
1/4’’
1/4’’
70
75
75
92
100
57218
57219
57220
57221
57222
540a
Cap cheie fixa CROW-FOOT
L
b
SW 1500024
3/8"
25,5
SW 2500028
7/16"
32
SW 2500032
SW 2500034
SW 2500036
1/2"
9/16"
5/8"
SW 2500038
11/16"
SW 2500040
3/4"
SW 2500042
13/16"
SW 2500044
SW 2500048
7/8"
1"
SW 2500050
11/16"
SW 2500052
11/8"
SW 2500054
13/16"
SW 2500056
11/4"
SW 2500058
15/16"
34,3
37,7
37,7
42,5
42,5
42,3
44,5
47
47
50
50
53
53
SW 2500060
13/8"
SW 2500062
17/16"
54,5
56,5
SW 2500064
11/2"
58
SW 2500065
19/16"
59,5
SW 2500066
15/8"
SW 2500067
111/16"
SW 2500068
SW 2500070
SW 2500072
SW 2500074
SW 2500076
SW 3500078
13/4"
17/8"
2"
21/8"
21/4"
23/8"
63
63
68
72
75
75,6
80,5
81,5
19,8
22,2
25,4
30
30
38
38
38
41
45
45
50
50
57
57
60
62
65
68
70
70
76
82
88
91
96
96
a
6,3
6,3
6,3
6,3
6,3
6,3
6,3
6,3
6,3
8
8
8
8
8
8
8
8
8
8
8
8
8
8
8
10
10
8
S
14,6
17,2
18,1
20,9
20,4
24,1
24
24
25,8
26,7
27,2
28,5
29,2
30,3
31,2
32,3
33,1
34,5
35,7
37,3
37,7
40,4
42
44,8
46
49,5
51,3
17
34
37
40
44
62
66
59
65
78
78
84
83
101
101
105
107
118
126
140
126
161
205
214
265
297
214
Antrenare
3/8’’
3/8’’
3/8’’
3/8’’
3/8’’
3/8’’
3/8’’
3/8’’
3/8’’
3/8’’
3/8’’
3/8’’
3/8’’
3/8’’
3/8’’
3/8’’
3/8’’
3/8’’
3/8’’
3/8’’
3/8’’
3/8’’
3/8’’
3/8’’
3/8’’
3/8’’
3/8’’
221.52
242.64
253.12
263.68
284.88
NOU
3/8’’
310.76
327.43
312.50
312.50
373.13
373.13
373.13
405.55
469.58
469.58
469.58
456.76
480.06
469.58
493.10
480.06
602.30
589.10
619.72
785.47
855.45
890.29
925.28
951.52
1239.51
1238.00
1335.58
221.52
232.15
242.64
253.12
263.68
274.32
284.88
NOU
3/8’’
314.23
314.23
314.23
331.80
307.30
300.58
286.33
365.74
371.85
337.31
396.13
337.31
467.01
456.76
456.76
506.38
469.58
506.38
480.06
461.06
515.05
461.06
461.06
519.42
576.36
704.48
828.15
828.15
973.31
973.31
