[SOURCE:CATALOG_UNIOR-TEPID_INDUSTRIAL_2025_rev5] [PAGE:153]
760
Capete chei tubulare de impact 1.1/2"
• material: crom molibden
• actionare: patrat 1.1/2”
• conform DIN 3121 - H 40
• deschidere: hexagon DIN / ISO 691 
24 1.1/2”
Cap cheie tubulara de impact 1.1/2" 6 laturi, scurt
• patrat de antrenare 1.1/2” DIN 3121 - forma H 40
• hexagon interior conform DIN 475/2
D2
D1
L
78
80
80
84
87
90
92
95
64,0
70,0
71,0
76,0
81,0
86,0
93,0
97,0
105,0
100
110,0
103
116,0
110
125,0
118
130,0
118
137,0
118
140,0
125
150,0
125
156,0
125
160,0
135
168,0
135
175,0
135
T
23,0
26,0
26,0
27,0
29,0
36,0
38,0
40,0
43,0
45,0
50,0
55,0
55,0
55,0
58,0
58,0
58,0
65,0
65,0
65,0
2141
2350
2320
2457
2463
2546
2650
3481
3939
4361
5155
4550
4890
6963
10730
11430
8120
10232
8690
9710
 1C 
 1C 
 1C 
 1C 
 1C 
 1C 
 1C 
 1C 
 1C 
 1C 
 1C 
 1C 
 1C 
 1C 
 1C 
 1C 
 1C 
 1C 
 1C 
 1C 
1
1
1
1
1
1
1
1
1
1
1
1
1
1
1
1
1
1
1
1
1093.44
1093.44
1093.44
1093.44
1139.34
1286.89
1432.79
1616.39
1721.31
1852.46
2213.11
2607.43
2745.21
3453.65
3647.42
3986.93
5170.55
5501.14
7133.55
7576.31
36
41
42
46
50
55
60
65
70
75
80
85
90
95
100
105
110
115
120
125
1000076000
1000076001
1000076002
1000076003
1000076004
1000076006
1000076007
1000076008
1000076009
1000076010
1000076011
1000076012
1000076013
1000076014
1000076015
1000076016
1000076017
1000076018
1000076019
1000076020
760 L
86
86
86
86
86
86
86
86
86
86
86
86
86
95
95
95
95
95
95
95
Capete chei tubulare lungi de impact 1.1/2"
• material: crom molibden
• actionare: patrat 1.1/2”
• conform DIN 3121 - H 40
• deschidere: hexagon DIN / ISO 691 
1000076030
1000076032
1000076033
1000076034
1000076035
1000076036
1000076037
1000076038
1000076039
1000076040
D2
D1
L
T
86
86
86
86
86
86
86
86
86
86
70,0
78,0
81,0
86,0
94,0
115
115
135
140
150
100,0
150
105,0
160
110,0
170
116,0
170
125,0
170
30,0
34,0
36,0
39,0
41,0
45,0
47,0
51,0
51,0
56,0
41
46
50
55
60
65
70
75
80
85
3080
3064
3876
4024
4795
5518
5830
7233
7810
8848
 1C 
 1C 
 1C 
 1C 
 1C 
 1C 
 1C 
 1C 
 1C 
 1C 
1
1
1
1
1
1
1
1
1
1
1918.57
2391.89
2609.54
2669.51
3029.51
3161.45
3746.93
4285.04
4567.41
4892.16
Dimensiune         D1            D2 
MM/inch           mm           mm 
           L              t min          Greutate
       mm            mm                gr
32
33
34
35
36
37
38
39
40
41
42
43
44
45
46
47
48
49
50
51
52
54
55
56
57
58
59
60
61
62
65
67
70
73
75
76
77
80
85
86
90
95
100
105
110
115
120
125
60
60
60
60
64
64
64
70
70
70
70
75
75
75
75
75
80
80
80
80
80
86
86
86
86
92
92
92
96
96
100
100
105
109
109
115
115
115
121
127
130
135
140
150
155
160
165
170
86
86
86
86
86
86
86
86
86
86
86
86
86
86
86
86
86
86
86
86
86
86
86
86
86
86
86
86
86
86
86
86
86
86
86
86
86
86
86
86
86
127
127
127
127
127
127
127
75
75
75
75
80
80
80
80
80
80
80
80
80
80
80
80
82
82
82
82
82
89
89
92
92
92
92
92
96
96
96
101
101
105
105
110
110
110
116
116
118
118
125
125
137
137
145
145
17
17
19
19
19
19
22
22
22
22
22
25
25
25.5
25.5
25.5
27
27
27
27
27
30
30
32
32.5
32.5
33
33
35
35
35
38
38
41
41
44
44
44
47
49
49
49
54
54
62
67
67
67
1800
1800
1800
1800
2200
2200
2200
2200
2200
2200
2200
2200
2200
2200
2200
2200
2300
2300
2300
2300
2300
2500
2500
2500
2500
2800
2800
2800
3200
3200
3350
3350
3600
3900
3900
4500
4500
4500
5100
5500
5600
7900
8500
9500
10400
11500
12000
12200
528.49
528.49
528.49
528.49
568.25
568.25
568.25
568.25
568.25
568.25
568.25
568.25
568.25
568.25
568.25
568.25
580.28
580.28
580.28
580.28
580.28
580.28
580.28
647.56
647.56
647.56
647.56
713.51
713.51
713.51
794.80
825.79
1070.19
1249.52
1294.89
1383.27
1516.94
1516.94
1605.25
1696.43
1750.72
2675.36
2996.48
3397.94
3692.14
3692.14
4066.75
4110.79
24M32
24M33
24M34
2422M35
24M36
24M37
2424M38
24M39
24M40
2426M41
24M42
2427M43
24M44
24M45
2429M46
24M47
24M48
2431M49
24M50
2432M51
24M52
2434M54
24M55
24M56
2436M57
24M58
2437M59
24M60
24M61
2439M62
2441M65
2442M67
2444M70
2446M73
2447M75
2448M76
24M77
24M80
24M85
2454M86
24M90
2460M95
2463M100
2466M105
2469M110
24M115
24M120
24M125
