[SOURCE:CATALOG_UNIOR-TEPID_INDUSTRIAL_2025_rev5] [PAGE:246]
Ghid de strangere controlata
μ=0,10
tabel de strangere pentru suruburi fosfatate sau zincate,ungerea de buna calitate(μ=coeficient de frecare mediu)
Ø SURUB
mm
1.6
2
2.5
3
4
5
6
8
10
12
14
16
18
20
22
24
27
30
33
36
39
42
45
48
52
56
60
64
μ=0,15
Ø SURUB
mm
1.6
2
2.5
3
4
5
6
8
10
12
14
16
18
20
22
24
27
30
33
36
39
42
45
48
52
56
60
64
μ=0,20
Ø SURUB
mm
1.6
2
2.5
3
4
5
6
8
10
12
14
16
18
20
22
24
27
30
33
36
39
42
45
48
52
56
60
64
ISO272
Pas filet
ISO mm
0.35
0.4
0.45
0.5
0.7
0.8
1
1.25
1.5
1.75
2
2
2.5
2.5
2.5
3
3
3.5
3.5
4
4
4.5
4.5
5
5
5.5
5.5
6
ISO272
Pas filet
ISO mm
0.35
0.4
0.45
0.5
0.7
0.8
1
1.25
1.5
1.75
2
2
2.5
2.5
2.5
3
3
3.5
3.5
4
4
4.5
4.5
5
5
5.5
5.5
6
ISO272
Pas filet
ISO mm
0.35
0.4
0.45
0.5
0.7
0.8
1
1.25
1.5
1.75
2
2
2.5
2.5
2.5
3
3
3.5
3.5
4
4
4.5
4.5
5
5
5.5
5.5
6
9.8
Cs
0.144
0.303
0.626
1.09
2.49
4.92
8.53
20.63
41
70
111
173
9.8
Fo
624
1036
1724
2586
4484
7335
10336
18968
30197
44022
60251
83165
DC
mm
3.2
4
5
5.5
7
8
10
13
16
18
21
24
27
30
34
36
41
46
50
55
60
65
70
75
80
85
90
95
5.6
Cs
0.06
0.126
0.261
0.44
1.03
2.03
3.53
8.5
16.8
29
46
71
99
140
192
241
355
483
653
841
1088
1348
1681
2032
2608
3255
4032
4856
Clasa de calitate suruburi de otel ISO 898-1
5.6
Fo
260
432
718
1077
1868
3053
4310
7904
12580
18337
25175
34597
42094
54059
67511
77845
102393
124491
155083
182032
218667
250311
292970
329254
395006
456159
532893
602793
5.8
Cs
0.084
0.177
0.365
0.62
1.44
2.85
4.95
11.9
23
40
65
100
139
196
269
338
498
677
915
1177
1523
1887
2353
2845
3651
4577
5645
6798
5.8
Fo
364
604
1006
1508
2615
4275
6034
11066
17612
25672
35245
48436
58932
75682
94515
108983
143350
174287
217116
254845
306135
350435
410158
460956
553008
638622
746050
843911
6.8
Cs
0.096
0.202
0.417
0.71
1.65
3.25
5.6
13.6
27
46
74
115
159
225
307
387
569
773
1046
1346
1741
2156
2690
3251
4172
5208
6451
7769
6.8
Fo
416
690
1150
1724
2988
4885
6896
12647
20128
29339
40280
55356
67351
86494
108017
124552
163829
199185
248132
291252
349868
400497
468752
526807
632009
729854
852629
964470
8.8
Cs
0.128
0.27
0.556
0.95
2.2
4.34
7.5
18.2
36
62
99
153
220
311
424
534
784
1067
1442
1855
2399
2965
3698
4470
5737
7161
8871
10683
8.8
Fo
555
921
1533
2298
3985
6514
9195
16863
26838
39119
53707
73808
92440
119003
148374
171437
225110
274030
341347
400571
481158
550683
644534
724359
869013
1003549
1172365
1326146
tabel de strangere pentru suruburi fosfatate sau zincate,ungere  superficiala( in stare de livrare)(μ=coeficient de frecare mediu)
Clasa de calitate suruburi de otel ISO 898-1
9.8
Cs
0.18
0.381
0.793
1.38
3.16
6.27
10.84
26.34
52
90
143
224
9.8
Cs
0.206
0.439
0.918
1.6
3.66
7.27
12.57
30.62
61
105
167
262
9.8
Fo
561
932
1555
2335
4044
6626
9334
17146
27313
39835
54570
75422
9.8
Fo
503
837
1397
2099
3635
5958
8392
15423
24575
35849
49142
67944
DC
mm
3.2
4
5
5.5
7
8
10
13
16
18
21
24
27
30
34
36
41
46
50
55
60
65
70
75
80
85
90
95
5.6
Cs
0.075
0.159
0.33
0.57
1.3
2.59
4.49
10.9
21
37
59
93
128
182
250
313
463
628
854
1096
1424
1760
2203
2659
3425
4270
5306
6382
5.8
Fo
327
544
907
1362
2359
3682
5448
10003
15930
23231
31905
43939
53373
68655
85857
98863
130259
158263
197412
231573
278474
318624
373258
419342
503558
581240
679583
768556
tabel de strangere pentru suruburi  acoperite sau fara acoperire.Montaj uscat fara ungere (μ=coeficient de frecare mediu)
Clasa de calitate suruburi de otel ISO 898-1
8.8
Fo
499
829
1382
2075
3594
5886
8302
15242
24275
35401
48618
66955
83746
107941
134806
155489
204577
248811
310343
363974
437669
500694
586548
658966
791306
913378
1067916
1207731
6.8
Fo
374
621
1036
1556
2696
4414
6226
11432
18206
26550
36463
50216
60998
78463
98123
112986
148868
180872
225614
264655
318257
364141
426580
479248
575495
664275
776666
878350
5.6
Fo
234
388
648
972
1685
2759
3891
7145
11379
16594
22789
31385
38123
49039
61326
70616
93042
116045
141009
165409
198910
227588
266613
299530
359684
415172
485416
548969
8.8
Cs
0.16
0.339
0.705
1.21
2.78
5.5
9.5
23
46
79
127
198
283
402
552
691
1022
1387
1884
2418
3139
3872
4847
5849
7335
9394
11673
14041
6.8
Cs
0.12
0.254
0.529
0.91
2.09
4.14
7.1
17.4
34
59
95
148
205
291
400
500
741
1005
1366
1754
2279
2816
3525
4254
5480
6832
8490
10212
5.8
Cs
0.105
0.222
0.463
0.8
1.83
3.62
6.2
15.2
30
52
83
130
179
254
350
438
649
880
1195
1534
1994
2464
3085
3722
4795
5978
7428
8935
DC
mm
3.2
4
5
5.5
7
8
10
13
16
18
21
24
27
30
34
36
41
46
50
55
60
65
70
75
80
85
90
95
5.6
Cs
0.086
0.183
0.383
0.66
1.51
3
5.2
12.6
25
43
69
108
149
213
293
366
544
737
1004
1288
1677
2070
2596
3130
4041
5034
6266
7533
5.6
Fo
210
349
582
874
1514
2481
3498
6426
10238
14934
20514
28280
34324
44188
55298
63630
83910
101914
127210
149174
179487
205323
240641
270321
324763
374739
438337
495676
5.8
Cs
0.12
0.256
0.536
0.92
2.11
4.2
7.2
17.7
35
60
97
152
209
298
411
513
762
1032
1406
1803
2348
2898
3635
4383
5657
7048
8772
10546
5.8
Fo
294
488
815
1224
2120
3473
4893
8997
14334
20908
28719
39592
48054
61863
77418
89083
117474
142679
178094
208844
251282
287452
336897
378449
454668
524635
613672
693947
6.8
Cs
0.137
0.293
0.612
1.06
2.42
4.81
8.3
20
40
69
111
174
239
341
470
586
871
1180
1607
2060
2683
3312
4154
5009
6465
8054
10026
12052
6.8
Fo
335
558
931
1399
2422
3970
5598
10283
16382
23895
32800
45248
54919
70700
88478
101809
134257
163062
203536
238679
287179
328516
385025
432514
519620
599582
701340
793082
8.8
Cs
0.183
0.39
0.816
1.41
3.22
6.4
11.1
27
53
92
148
232
330
471
648
809
1201
1628
2216
2840
3697
4554
5712
6887
8889
11075
13785
16572
8.8
Fo
447
744
1242
1866
3230
5293
7464
13710
21843
31860
43763
60331
75421
97253
121574
140084
184517
224292
279953
328236
394919
451710
529410
594706
714478
824426
964342
1090488
10.9
Cs
0.189
0.396
0.82
1.4
3.23
6.3
11
26
52
91
145
225
313
440
602
758
1114
1515
2048
2636
3410
4223
5267
6367
8171
10199
12634
15215
10.9
Cs
0.235
0.498
1.04
1.79
4.09
8.1
14
34
67
116
187
291
402
570
783
981
1452
1969
2676
3435
4463
5515
6903
8330
10731
13379
16625
19998
10.9
Cs
0.269
0.573
1.2
2.07
4.74
9.4
16.3
39
78
136
218
341
469
667
920
1148
1706
2311
3148
4036
5255
6486
8136
9809
12661
15773
19634
23603
10.9
Fo
815
1352
2251
3376
5853
9568
13506
24678
39418
57457
78882
108406
131897
169385
211534
243914
320832
390072
485926
570369
685159
784306
917973
1031663
1237685
1429298
1669732
1888753
10.9
Fo
732
1217
2030
3048
5279
8645
12194
22388
35655
51995
71408
98340
119454
153657
192257
221266
291534
354209
441828
518282
623253
713110
835386
938258
1127011
1300871
1520971
1720102
10.9
Fo
657
1093
1824
2740
4744
7774
10962
20137
32082
46795
64277
88611
107549
138456
173269
199376
262920
319331
398593
467413
562393
643344
754008
847006
1017590
1174182
1373457
1553119
12.9
Cs
0.221
0.483
0.96
1.64
3.78
7.4
12.6
31
61
106
170
263
366
515
704
887
1304
1773
2397
3085
3990
4941
6164
7450
9562
11935
14785
17805
12.9
Cs
0.275
0.582
1.21
2.09
4.79
9.5
16.4
40
79
136
219
341
471
667
917
1148
1700
2305
3132
4020
5223
6453
8079
9748
12558
15656
19455
23402
12.9
Cs
0.315
0.671
1.4
2.43
5.5
11
19.1
46
92
159
255
399
549
781
1077
1343
1997
2704
3684
4723
6150
7590
9520
11478
14816
18458
22976
27620
12.9
Fo
954
1582
2634
3951
6849
11196
15805
28984
46128
67236
92309
126858
154348
198216
247540
285432
375442
456467
568637
667453
801782
917805
1074223
1207265
1448354
1672582
1953941
2210243
12.9
Fo
857
1424
2375
3567
6178
10116
14269
26198
41724
60845
83563
115079
139787
179811
224865
258928
341157
414500
517033
606501
729339
834491
977579
1098277
1318843
1522296
1779860
2012885
12.9
Fo
769
1279
2134
3207
5552
9098
12828
23565
37542
54760
75218
103694
125856
162023
202762
233313
307672
373685
466438
546973
658119
752849
882350
991177
1190797
1374043
1607237
1817480
