[SOURCE:CATALOG_UNIOR-TEPID_INDUSTRIAL_2025_rev5] [PAGE:45]
Hex-L®
220/3L
Cheie pentru locas 
hexagonal lunga
• unelte profesionale de inalta calitate industriala
• fabricate din otel aliat Eklind®
• tratate termic pentru rezistenta si ductilitate optime
• finisare cu Eklind® Black Finish pentru a rezista la rugina
Cheie pentru locas 
hexagonal lunga
• material:crom vanadiu
• tratate
• acoperire prin nichelare
• conform cu standardul ISO 2936 (doar pentru dimensiunile in mm)
220/3S
Cheie pentru locas 
hexagonal scurta cu cap
sferic
• material:crom vanadiu
• tratate
• acoperire prin nichelare
L1                L2
15600
15601
15602
15603
15604
15605
15606
15607
15608
15609
15610
15611
15612
15614
15616
15618
15620
15622
15624
15628
15634
15638
15644
15648
15651
15656
15660
15201
15202
15203
15204
15205
15206
15207
15208
15209
15210
15212
15214
15216
15220
15224
15228
15232
15236
15240
15248
15256
15264
15266
15268
15272
15276
15280
0,7
0,9
1,3
1,5
2,0
2,5
3,0
3,5
4,0
4,5
5,0
5,5
6,0
7,0
8,0
9,0
10,0
11,0
12,0
14,0
17,0
19,0
22,0
24,0
27,0
32,0
36,0
0.028"
0.035"
0.05"
1/16"
5/64"
3/32"
7/64"
1/8"
9/64"
5/32"
3/16"
7/32"
1/4"
5/16"
3/8"
7/16"
1/2"
9/16"
5/8"
3/4"
7/8"
1"
1 1/8"
1 1/4"
1 1/2"
1 3/4"
2"
66
68
72
77
81
88
99
101
104
110
116
127
138
157
157
167
167
191
209
232
246
276
356
362
413
503
514
66
68
72
76
81
86
90
95
100
105
114
124
133
152
171
191
210
229
248
286
324
362
400
503
514
591
670
6
9
13
13
15
18
19
21
24
25
27
29
31
35
35
39
39
38
44
55
61
69
69
67
98
122
136
6
9
13
14
15
17
18
19
20
21
24
26
28
32
35
38
41
44
48
54
60
67
70
122
89
102
114
0.4
0.4
2.4
2.8
5.6
9.6
15.2
26
30
40
53.2
76
90
124
184
236
306
430
560
860
1360
1900
3000
3850
5120
8420
2.79
2.62
0.98
1.48
1.48
1.31
1.31
2.62
2.62
2.62
2.62
5.25
5.25
8.52
8.52
12.62
13.11
24.75
23.93
36.56
59.34
83.44
125.41
168.03
430.00
992.30
13450
1256.72
0.4
0.8
2
3.2
5.6
9.6
12.4
16.8
22.4
28.8
46
68
97
174
280
440
620
860
1140
1870
2850
4110
7450
8420
14300
22200
30000
2.95
2.62
1.31
1.31
1.48
1.48
1.80
2.13
2.13
2.30
2.62
3.93
5.41
8.20
12.79
24.43
27.87
37.87
59.02
86.56
125.41
168.03
878.52
892.30
1578.52
2182.62
3571.80
608510
608511
608512
608513
608514
608515
608516
608517
608518
608519
608520
608521
608522
608523
616975
616976
616977
616978
616979
616980
616981
616982
616983
616984
616985
616986
616987
616988
616989
616990
1.5
2
2.5
3
4
5
6
7
8
10
12
14
17
19
1/16"
5/64"
3/32"
1/8"
9/64"
5/32"
3/16"
7/32"
1/4"
5/16"
3/8"
7/16"
1/2"
9/16"
5/8"
3/4"
L1                L2
91.5
102
114.5
15.5
18
20.5
129
144
165
186
197
208
234
262
294
337
379
92
102
114
129
140
144
165
176
186
208
234
261
293
294
336
379
23
29
33
38
41
44
50
57
70
80
89
16
18
20
23
26
29
33
36
38
44
50
53
63
69
76
89
1
7
10
14
22
35
55
78
105
105
105
437
753
1026
6
7
10
14
22
22
35
55
55
105
105
105
105
437
753
1026
3.61
3.61
4.26
4.75
6.89
10.16
10.16
16.23
16.39
25.08
39.34
64.59
109.34
174.10
3.28
3.28
4.10
4.43
5.25
6.23
7.54
8.36
9.34
15.08
23.77
35.41
46.39
59.67
106.89
174.10
607826
607827
607828
607829
607830
607831
607832
607834
607835
1.5
2
2.5
3
4
5
6
8
10
L1                L2
46.5
52
58.5
66
74
85
96
108
122
15.5
18
20.5
23
29
33
38
44
50
5
6
7
10
15
23
35
65
108
3.93
3.93
4.26
4.92
7.38
8.36
12.79
21.97
38.52
220/3SL
Cheie pentru locas 
hexagonal lunga cu cap
sferic
• material:crom vanadiu
• tratate
• acoperire prin nichelare
608524
608525
608526
608527
608528
608529
608530
608531
608532
1.5
2
2.5
3
4
5
6
8
10
L1                L2
91.5
102
114.5
129
144
165
186
208
234
15.5
18
20.5
23
29
33
38
44
50
6
7
10
14
22
35
55
105
105
4.26
4.75
5.41
6.07
8.85
10.49
15.74
27.38
49.18
