[SOURCE:CATALOG_UNIOR-TEPID_INDUSTRIAL_2025_rev5] [PAGE:109]
Dimensiune         D1            D2 
           L              t min          Greutate
    MM/inch         mm                 mm               mm              mm 
     gr
0821
1 5/16"
0822M35inch
1 3/8"
0823
1 7/16"
0824M38inch
1 1/2"
45
49
49
52
35
38
38
38
43
50
50
50
19
19
19
22
260
300
300
400
111.32
133.45
143.78
150.20
08SD 1/2”
Cap cheie tubulara impact cu profil de protectie 
1/2" 6 laturi, scurta
• patrat de antrenare 1/2” DIN 3121 - G 12,5
Dimensiune         D1            D2 
MM/inch           mm           mm 
           L              t min          Greutate
       mm            mm                gr
13
14
15
16
17
18
19
20
21
22
1/2"
9/16"
5/8"
11/16"
3/4"
13/16"
7/8"
08M13SD
08M14SD
08M15SD
08M16SD
08M17SD
08M18SD
0812M19SD
08M20SD
08M21SD
08M22SD
0808SD
0809SD
0810SD
0811SD
0812M19SDinch
0813SD
0814SD
720 SF
21
22
24
25
26
28
28
30
30
32
20
22
25
25
28
30
32
25
25
30
30
30
30
30
30
30
30
22
25
25
25
30
30
30
31
31
33
33
35
35
35
35
35
37
31
31
33
35
35
35
39
6
7
7
8
9
9
9.5
10
11
11
6
7
8
9
9.5
11
13
70
70
120
120
130
130
130
130
130
170
70
70
90
110
130
130
17
53.56
53.56
53.56
76.57
76.57
76.57
76.57
84.17
84.17
84.17
53.56
53.56
53.56
76.57
76.57
84.17
91.84
Capete chei tubulare de impact cu profil de 
protectie 1/2"
• material: crom molibden
• actionare: patrat 1/2”
• conform DIN 3121 - G 12,5
• deschidere: hexagon DIN / ISO 691 
1000072111
1000072113
1000072114
1000072115
1000072116
1000072117
1000072118
1000072119
1000072120
10
13
15
16
17
18
19
21
22
D2
25
25
30
30
30
30
30
30
30
D1
17,5
21,0
23,7
25,0
26,0
27,5
28,7
30,0
32,0
L
38
38
38
38
38
38
38
38
38
T
10,0
10,0
11,0
11,0
12,0
13,0
13,0
13,0
13,0
78
87
120
120
126
121
125
120
131
 1C 
 1C 
 1C 
 1C 
 1C 
 1C 
 1C 
 1C 
 1C 
5
5
5
5
5
5
5
5
5
63.95
63.95
66.97
66.97
66.97
66.97
66.97
71.72
71.72
Capete chei tubulare de impact scurte 1/2"
60637
60638
60639
60640
60641
10060
60642
60643
60644
10061
60645
10062
60646
10063
60647
60648
10064
60649
60650
60651
8
9
10
11
12
13
14
15
16
17
18
19
20
21
22
23
24
27
30
32
L
38
38
38
38
38
38
38
38
38
38
38
38
38
38
38
40
40
42
44
44
80
80
94
95
95
96
96
95
140
143
140
135
126
139
133
183
235
235
255
259
Capete chei tubulare de impact lungi 1/2"
60652
60653
60654
60655
60656
60657
60658
60659
60660
60661
60662
60663
60664
60665
60666
60667
60668
60669
60670
60671
8
9
10
11
12
13
14
15
16
17
18
19
20
21
22
23
24
27
30
32
L
78
78
78
78
78
78
78
78
78
78
78
78
78
78
78
78
78
78
78
78
80
80
94
95
95
96
96
95
140
143
140
135
126
139
133
183
235
235
255
259
NOU
1/2”
24.13
24.13
24.13
24.13
24.13
24.13
24.13
24.99
24.99
25.53
25.53
27.54
26.35
27.97
27.97
30.67
32.35
35.65
43.39
49.39
NOU
1/2”
38.25
38.25
38.25
38.25
38.25
38.25
39.82
39.82
39.82
40.63
40.63
41.87
41.87
44.36
44.36
51.45
51.45
56.59
68.70
78.55
1/2”
