[SOURCE:CATALOG_UNIOR-TEPID_INDUSTRIAL_2025_rev5] [PAGE:130]
Capete chei tubulare de impact scurte 3/4"
NOU
12S 3/4”
Cap cheie tubulara de impact 3/4" 6 laturi, scurt
• patrat de antrenare 3/4” DIN 3121 - forma H20
• hexagon interior conform DIN 475/2
PR10 5/8”
60786
60787
60788
60789
60790
60791
60792
60793
60794
60795
60796
60797
60798
60799
60800
60801
60802
60803
60804
60805
60806
60807
60808
60809
60810
19
21
22
24
27
28
29
30
32
33
34
35
36
37
38
40
41
42
43
44
46
50
56
60
65
L
51
51
51
51
53
53
53
53
57
57
57
57
57
57
57
58
58
58
62
62
62
68
74
74
80
84.98
84.98
84.34
84.34
84.34
84.34
84.34
84.98
88.48
95.59
95.59
98.52
98.52
98.52
98.52
126.29
126.29
134.55
138.11
139.25
145.16
190.66
303.93
321.71
344.72
Dimensiune            D1              D2              L            t min         Greutate
MM/inch              mm            mm            mm           mm               gr
13
14
15
16
17
18
19
20
21
22
23
24
25
26
27
28
29
30
31
32
33
34
35
36
37
38
39
40
41
42
43
44
45
46
47
48
49
50
51
52
54
55
56
57
58
59
60
61
25
25
29
29
29
32
32
35
35
38
38
40
41
41
41
44
44
44
49
49
49
52
52
52
54
54
57
57
57
60
63
63
63
67
67
67
70
70
73
73
73
78
78
82
82
82
82
86
44
44
44
44
44
44
44
44
44
44
44
44
44
44
44
44
44
44
44
44
44
44
44
44
44
44
44
44
44
44
44
44
44
44
54
54
54
54
54
54
54
54
54
54
54
54
54
54
45
45
45
45
45
45
45
46
46
46
46
46
46
46
48
48
52
52
52
52
55
55
55
56
56
59
59
59
59
59
64
64
64
64
64
67
67
67
67
67
71
71
74
75
75
75
75
75
6
7
7
8
9
9
9.5
10
11
11
13
13
13
13
13
14
16.5
16.5
17
17
17
19
19
19
19
22
22
22
22
22
25
25
25.5
25.5
25.5
27
27
27
27
27
30
30
32
33
33
33
35
35
290
290
290
290
290
290
290
340
340
340
340
340
340
340
380
380
380
380
420
420
430
460
460
460
490
490
520
520
520
550
600
600
600
850
850
910
950
950
1040
1040
1040
1200
1200
1320
1320
1320
1320
1430
97.75
97.75
97.75
97.75
97.75
97.75
99.96
105.93
105.93
105.93
105.93
105.93
111.98
111.98
114.86
114.86
114.86
114.86
126.30
126.30
151.38
156.02
156.02
156.02
163.11
163.11
183.61
188.56
188.56
198.81
198.81
215.26
243.44
243.44
243.44
277.89
277.89
277.89
295.30
295.30
342.44
356.90
365.24
367.08
373.87
373.87
441.74
509.75
12M13
12M14
12M15
12M16
12M17
12M18
1212M19
12M20
12M21
12M22
12M23
12M24
12M25
12M26
1217M27
12M28
12M29
1219M30
12M31
12M32
12M33
12M34
1222M35
12M36
12M37
1224M38
12M39
12M40
1226M41
12M42
1227M43
12M44
12M45
1229M46
12M47
12M48
1231M49
12M50
1232M51
12M52
1234M54
12M55
12M56
1236M57
12M58
1237M59
12M60
12M61
