[SOURCE:CATALOG_UNIOR-TEPID_INDUSTRIAL_2025_rev5] [PAGE:155]
Dimensiune         D1            D2 
MM/inch           mm           mm 
           L              t min          Greutate
       mm            mm                gr
2421L
2422M35L inch
2423L
2424M38L inch
2425L
2426M41L inch
1 5/16"
1 3/8"
1 7/16"
1 1/2"
1 9/16"
1 5/8"
2427M43L inch
1 11/16"
2428L
1 3/4"
2429M46L inch
1 13/16"
2430L
1 7/8"
2431M49L inch
1 15/16"
2432M51L inch
2"
2433L
2434M54L inch
2435L
2436M57L inch
2 1/16"
2 1/8"
2 3/16"
2 1/4"
2437M59L inch
2 5/16"
2438L
2 3/8"
2439M62L inch
2 7/16"
2440L
2 1/2"
2441M65L inch
2 9/16"
2442M67L inch
2 5/8"
2443L
2 11/16"
2444M70L inch
2 3/4"
2445L
2 13/16"
2446M73L inch
2 7/8"
2447M75L inch
2 15/16"
2448M76L inch
3"
2449L
2450L
2451L
2452L
2453L
2454M86L inch
2455L
2456L
2457L
2458L
2459L
3 1/16"
3 1/8"
3 3/16"
3 1/4"
3 5/16"
3 3/8"
3 7/16"
3 1/2"
3 9/16"
3 5/8"
3 11/16"
2460M95L inch
3 3/4"
2461L
2462L
3 13/16"
3 7/8"
2463M100L inch
3 15/16"
2464L
2465L
4"
4 1/16"
2466M105L inch
4 1/8"
2467L
2468L
4 3/16"
4 1/4"
2469M110L inch
4 5/16"
2470L
2471L
2472L
2474L
2476L
2478L
2480L
2482M130L
2483L
2486L
4 3/8"
4 7/16"
4 1/2"
4 5/8"
4 3/4"
4 7/8"
5"
5 1/8"
5 3/16"
5 3/8"
60
60
64
64
70
70
75
75
75
80
80
80
86
86
86
86
92
92
96
100
100
100
105
105
109
109
109
115
115
115
121
121
121
127
127
130
130
135
135
135
140
140
140
145
145
150
150
150
155
155
155
160
165
165
170
180
180
180
190
86
86
86
86
86
86
86
86
86
86
86
86
86
86
86
86
86
86
86
86
86
86
86
86
86
86
86
86
86
86
86
86
86
86
86
86
86
127
127
127
127
127
127
127
127
127
127
127
127
127
127
127
127
127
127
127
127
127
127
140
140
140
140
140
140
140
140
140
140
140
140
140
140
140
140
140
140
140
140
140
140
140
140
140
140
140
140
140
140
140
140
140
140
140
140
140
140
140
150
150
150
150
150
150
150
150
160
160
160
160
160
170
170
170
180
185
185
185
19
19
19
22
22
22
25
25.5
25.5
27
27
27
30
30
32
32.5
33
35
35
35
35
38
38
38
40
41
41
44
44
44
47
47
47
49
49
49
49
49
49
49
54
54
54
54
54
54
62
62
62
62
62
62
67
67
67
72
76
76
76
4500
4500
4500
4500
4500
4500
4500
4500
4500
4500
4500
4500
4500
4500
4500
4500
4600
4600
4800
4900
4900
4900
5000
5000
5600
5600
5600
5900
5900
5900
6200
6200
6200
6600
6600
6800
6800
9900
9900
9900
807.93
807.93
807.93
807.93
806.02
807.93
848.21
848.21
848.21
848.21
936.59
936.59
936.59
1070.19
1070.19
1110.39
1163.88
1257.57
1257.57
1297.62
1337.83
1391.24
1605.25
1699.08
1739.21
1872.89
1872.89
1926.44
2006.63
2006.63
2194.01
2194.01
2300.90
2470.94
2582.04
2726.34
2751.86
3100.20
3287.07
3287.07
10700
3669.20
10700
3669.20
10700
3974.90
11200
3974.90
11200
4382.56
11900
4382.56
11900
4382.56
11900
4382.56
12500
4790.29
12500
4790.29
12500
4917.61
13200
4917.61
14300
4994.04
14300
4994.04
14600
5096.07
18200
5274.37
18200
5274.37
18200
6624.74
19000
7134.34
24DH 1.1/2”
Cap cheie tubulara de impact 1.1/2" 12 laturi, scurt
• patrat de antrenare 1.1/2” DIN 3121 - forma H 40
Dimensiune         D1            D2 
MM/inch           mm           mm 
           L              t min          Greutate
       mm            mm                gr
24M32DH
24M33DH
24M34DH
2422M35DH
24M36DH
24M37DH
2424M38DH
24M39DH
24M40DH
2426M41DH
24M42DH
2427M43DH
24M44DH
24M45DH
2429M46DH
24M47DH
24M48DH
2431M49DH
24M50DH
2432M51DH
24M52DH
2434M54DH
24M55DH
24M56DH
2436M57DH
24M58DH
2437M59DH
24M60DH
24M61DH
2439M62DH
2441M65DH
2442M67DH
2444M70DH
2446M73DH
2447M75DH
2448M76DH
24M77DH
24M80DH
24M85DH
2454M86DH
24M90DH
2460M95DH
2463M100DH
2466M105DH
2469M110DH
24M115DH
24M120DH
24M125DH
32
33
34
35
36
37
38
39
40
41
42
43
44
45
46
47
48
49
50
51
52
54
55
56
57
58
59
60
61
62
65
67
70
73
75
76
77
80
85
86
90
95
100
105
110
115
120
125
60
60
60
60
64
64
64
70
70
70
70
75
75
75
75
75
80
80
80
80
80
86
86
86
86
92
92
92
96
96
100
100
105
109
109
115
115
115
121
127
130
135
140
150
155
160
165
170
86
86
86
86
86
86
86
86
86
86
86
86
86
86
86
86
86
86
86
86
86
86
86
86
86
86
86
86
86
86
86
86
86
86
86
86
86
86
86
86
86
127
127
127
127
127
127
127
75
75
75
75
80
80
80
80
80
80
80
80
80
80
80
80
82
82
82
82
82
89
89
92
92
92
92
92
96
96
96
101
101
105
105
110
110
110
116
116
118
118
125
125
137
137
145
145
17
17
19
19
19
19
22
22
22
22
22
25
25
25.5
25.5
25.5
27
27
27
27
27
30
30
32
33
33
33
35
35
35
35
38
38
41
41
44
44
44
47
49
49
49
54
54
62
67
67
67
1800
1800
1800
1800
2200
2200
2200
2200
2200
2200
2200
2200
2200
2200
2200
2200
2300
2300
2300
2300
2300
2500
2500
2500
2500
2800
2800
2800
3200
3200
3350
3350
3600
3900
3900
4500
4500
4500
5100
5500
5600
7900
8500
9500
10400
11500
12000
12200
623.58
623.58
623.58
623.58
670.57
670.57
670.57
670.57
670.57
670.57
670.57
670.57
670.57
670.57
670.57
670.57
684.74
684.74
684.74
684.74
684.74
684.74
684.74
764.11
764.11
764.11
764.11
841.87
841.87
841.87
937.77
979.38
1262.88
1474.38
1528.01
1632.25
1789.97
1789.97
1894.20
2001.69
2065.80
3156.93
3535.89
4009.43
4356.59
4356.59
4798.70
4850.48
