[SOURCE:CATALOG_UNIOR-TEPID_INDUSTRIAL_2025_rev5] [PAGE:108]
08 1/2”
Cap cheie tubulara impact 1/2" 6 laturi, scurta
• patrat de antrenare 1/2” DIN 3121 - G 12,5
• hexagon interior conform Hexagon DIN/ISO 691
D2
30
30
30
30
25
D1
39,0
42,0
44,0
48,0
16,0
L
50
50
50
50
38
T
16,0
17,0
28,0
28,0
8,0
220
236
216
280
74
 1C 
 1C 
 1C 
 1C 
 1C 
5
5
5
5
5
54.10
63.93
78.69
88.52
59.07
1000072018
1000072019
1000172016
1000172012
27
30
32
36
1000072020
3/8''
08T 1/2”
Cap cheie tubulara impact cu pereti subtiri 1/2" 
6 laturi, scurta
• patrat de antrenare 1/2” DIN 3121 - G 12,5
• hexagon interior conform Hexagon DIN/ISO 691
Dimensiune            D1             D2             L             t min            Greutate
MM/inch             mm            mm           mm           mm                   gr
13
14
15
16
17
18
19
20
21
22
23
24
9/16"
5/8"
11/16"
3/4"
13/16"
7/8"
15/16"
08M13T
08M14T
08M15T
08M16T
08M17T
08M18T
0812M19T
08M20T
08M21T
08M22T
08M23T
08M24T
0809T
0810T
0811T
0812M19Tinch
0813T
0814T
0815T
08K 1/2”
20.5
21.5
23.5
24.5
25
25
27
28
29.5
30
31.5
33
21.5
24.5
24.5
27
28
30
33
25
25
30
30
30
30
30
30
30
30
30
30
24
25
25
30
30
30
30
38
38
38
38
38
38
38
38
38
38
38
45
38
38
38
38
38
38
38
38
38
38
38
38
38
38
38
38
38
38
45
38
38
38
38
38
38
38
70
72
110
110
110
110
110
110
119
119
140
160
72
70
70
110
110
120
160
55.84
55.84
55.84
61.75
61.75
61.75
61.75
77.83
79.60
83.58
85.57
95.53
55.84
61.75
61.75
61.75
79.60
85.57
95.53
Cap cheie tubulara impact cu perete gros 1/2",
6 laturi
• patrat de antrenare 1/2” DIN 3121 - G 12,5
Dimensiune            D1           D2              L              t min            Greutate
MM/inch              mm          mm           mm            mm                  gr
08M17K
0812M19K
0812M19Kinch
17
19
3/4"
30
33
33
30
30
30
45
45
45
11
13
13
170
190
190
61.16
62.70
62.70
     Dimensiune       D1                  D2                  L               t min 
   Greutate
    MM/inch         mm                 mm               mm              mm 
     gr
08M8
08M9
08M10
08M11
08M12
08M13
08M14
08M15
08M16
08M17
08M18
0812M19
08M20
08M21
08M22
08M23
08M24
08M25
08M26
0817M27
08M28
08M29
0819M30
08M31
08M32
08M33
08M34
0822M35
08M36
08M37
0824M38
0806
0807
0808
0809
0810
0811
8
9
10
11
12
13
14
15
16
17
18
19
20
21
22
23
24
25
26
27
28
29
30
31
32
33
34
35
36
37
38
3/8"
7/16"
1/2"
9/16"
5/8"
11/16"
15
16
17
19
20
21
22
24
25
26
27.5
27.5
30
30
32
32
35
35
38
38
38
41
41
44
44
45
49
49
49
52
52
16
18
20
22
25
25
0812M19inch
3/4"
27.5
0813
0814
0815
0816
13/16"
7/8"
15/16"
1"
0817M27inch
1 1/16"
0818
1 1/8"
0819M30inch
1 3/16"
0820
1 1/4”
30
32
35
35
38
38
41
44
25
25
25
25
25
25
25
30
30
30
30
30
30
30
30
30
30
30
30
30
30
30
30
30
30
30
35
38
35
38
38
22
25
25
25
25
25
30
30
30
30
30
30
30
30
35
38
38
38
38
38
38
38
38
38
38
38
38
38
38
38
38
45
45
50
50
50
50
50
50
50
50
46
50
50
50
50
38
38
38
38
38
38
38
38
38
38
38
50
40
50
40
4
4
5
5
6
6
7
7
8
9
9
9.5
10
11
11
13
13
13
13
13
14
16.5
16.5
16.5
17
17
19
19
19
19
22
4
6
6
7
8
9
9.5
11
13
13
13
13
16.5
16.5
17
60
85
90
90
90
90
90
130
130
130
130
130
130
130
140
140
170
170
200
260
260
290
290
290
300
300
300
300
300
400
400
85
90
90
90
80
80
130
130
140
160
200
260
220
290
240
39.91
39.91
39.91
39.91
39.91
39.91
39.91
44.26
44.26
44.26
44.26
44.26
52.89
52.89
56.36
66.54
66.54
66.54
71.11
91.03
91.03
95.24
95.24
95.24
95.24
96.27
111.32
133.45
133.45
143.78
150.20
39.91
39.91
39.91
39.91
44.26
44.26
44.26
52.89
56.36
66.54
71.11
91.03
95.24
95.24
95.24
