[SOURCE:KRONUS_-_CATALOG_Editia_II_-_2025_-_06.06.2025_web] [PAGE:3]
Gama de chei 
®
Professional Quality
Tip
DIN
material
finisare
DIN 3110
DIN 895
DIN 894
DIN 3113
DIN 838
DIN 133
DIN 7444
-
-
DIN 896
-
corm-vanadiu
otel carbon
crom vanadiu
crom vanadiu
crom vanadiu
otel carbon
otel carbon
crom vanadiu
otel carbon
otel carbon
otel carbon
cromare
brunare
brunare
cromare
cromare
brunare
brunare
fosfatare
vopsire
vopsire
cromare
DIN ISO 6787
crom vanadiu
brunare
Dimensiune
7110/2
7112/2
7117
7125/2
7180/2
7118
7184
7215/2
7215/2OL
7216
7176
7251
0
6
6 x 7
616213
71120607
7
8
8 x 9
8 x 10
9
9 x 11
10
10 x 11
10 x 12
10 x 13
11
11 x 13
12
12 x 13
12 x 14
13
13 x 16
13 x 17
14
14 x 15
14 x 17
15
16
16 x 17
16 x 18
17
17 x 19
17 x 20
18
18 x 19
18 x 21
19
19 x 22
19 x 24
20
616214
71120809
616215
616216
616217
616218
616219
71120911
71121011
71121012
71121013
71121113
71121213
71121214
71121316
71121317
71121415
71121417
71121617
71121618
71121719
71121720
71121819
71121821
71121922
71121924
20 x 22
616220
71122022
21
21 x 23
616221
71122123
22
22 x 24
23
24
24 x 26
24 x 27
24 x 30
25
71122224
71122426
7122427
7122430
616223
616222
25 x 28
616224
71122528
26
27
27 x 30
27 x 32
27 x 33
28
29
30
30 x 32
900604
71123032
32
32 x 36
34 x 36
34 x 38
36
36 x 41
41
41 x 46
46
46 x 50
50
50 x 55
55
55 x 60
60
65
65 x 70
70
75
75 x 80
71123236
71123436
71123438
71123641
71124146
71124650
71125055
71125560
71126570
71127580
616226
616227
616228
616229
616230
616231
616232
616233
616234
616235
616236
900607
616237
616238
616239
616240
616241
616242
900841
616243
900842
900843
616244
616246
616247
616248
616249
616250
616251
616252
900466
616253
616254
616255
900484
616256
900608
900609
900610
900611
900612
900613
900614
900615
900616
691922
900385
900617
692224
900386
700264
700659
692427
900387
900618
71760006
71760007
71760008
71760009
71760010
71760011
71760012
71760013
71760014
900469
71760015
71760016
900468
71760017
71760018
71760019
71760020
71760021
71760022
71760023
71760024
700265
700660
71760027
692730
900388
692733
900389
900844
900845
616245
900846
700266
700661
900500
693032
900390
700267
700662
71760030
71760032
715273
900847
700268
700663
900467
715275
715276
715277
715278
715279
715280
715281
715282
700269
700664
700270
700665
700271
700666
700272
700667
700273
900605
700668
900501
900606
900502
616225
71122732
616257
